# table produced by mapDamage version 2.0.8-dirty
# using mapped file cut.sam and /willerslev/users-shared/science-snm-willerslev-vrb229/data/Hg19/hs.build37.1.fa as reference file
# Chr: reference from sam/bam header, End: from which termini of DNA sequences, Std: strand of reads
Chr	End	Std	Pos	A	C	G	T	Total	G>A	C>T	A>G	T>C	A>C	A>T	C>G	C>A	T>G	T>A	G>C	G>T	A>-	T>-	C>-	G>-	->A	->T	->C	->G	S
*	3p	+	1	4003091	3043389	2976469	4020065	14043014	358483	24770	8974	11274	1951	4440	5043	18694	4437	12677	1817	6369	0	0	0	0	82	60	34	37	3
*	3p	+	2	3427077	3124082	3121601	4369677	14042437	154617	20940	5786	4804	1455	2864	2656	6296	2645	4786	1204	5025	30	16	25	96	77	95	57	66	1
*	3p	+	3	4086823	2723246	2867762	4364454	14042285	115191	20411	3821	4092	1336	2648	1459	4700	1503	2814	1122	4414	40	43	36	109	124	122	52	64	1
*	3p	+	4	4114450	2895028	2761404	4271390	14042272	93334	16332	3442	4005	1329	2523	1275	3384	1290	1281	1034	3769	69	70	43	57	133	117	67	77	0
*	3p	+	5	4119830	2883067	2776713	4262352	14041962	81532	15917	3205	3675	1214	2287	1148	3210	1008	1109	960	3730	73	79	44	94	146	144	86	63	0
*	3p	+	6	4076796	2871296	2784571	4308967	14041630	72101	17118	3046	3510	1169	2064	1077	2922	982	1021	952	3482	115	109	73	106	234	209	132	160	0
*	3p	+	7	4225118	2823507	2777555	4215410	14041590	64491	17661	3145	3380	1111	2121	1086	2835	920	1027	859	3555	196	175	170	213	217	212	131	143	0
*	3p	+	8	4195704	2856954	2863546	4124915	14041119	57271	18370	3050	3324	1102	2120	1102	2656	894	980	939	3393	213	233	179	216	218	263	191	159	0
*	3p	+	9	4205322	2880078	2896857	4059347	14041604	52335	18991	3127	3254	1113	2132	970	2595	915	939	923	3453	293	290	185	247	251	275	143	111	0
*	3p	+	10	4115495	2918120	2958748	4049026	14041389	48915	19532	3028	3236	1076	2057	1049	2541	861	934	905	3415	316	303	213	300	265	279	145	146	0
*	3p	+	11	4101869	2903565	2964909	4070954	14041297	45580	19585	3120	3214	1038	2023	975	2426	901	892	865	3399	358	334	205	287	296	317	145	119	0
*	3p	+	12	4100644	2890743	2963199	4086453	14041039	42615	19502	3229	3070	1070	2082	938	2562	928	886	881	3448	412	359	199	322	372	368	134	146	0
*	3p	+	13	4105352	2873454	2949697	4112404	14040907	40248	19743	3141	3129	1042	2039	989	2230	867	946	870	3357	413	393	221	319	345	382	131	148	0
*	3p	+	14	4127378	2864008	2908212	4141149	14040747	37748	19896	3107	3096	1079	2065	971	2291	929	881	861	3349	406	434	215	259	403	490	137	148	0
*	3p	+	15	4150669	2868466	2893811	4127849	14040795	35821	19843	2995	3126	1085	2114	952	2263	863	909	867	3251	439	442	237	293	412	488	116	154	0
*	3p	+	16	4124934	2900661	2887490	4127655	14040740	34728	19909	3161	3275	1070	2199	968	2132	879	961	894	3218	496	498	223	296	467	573	154	136	0
*	3p	+	17	4118879	2928217	2887954	4105745	14040795	34105	20444	3074	3130	1053	2129	994	2246	879	851	873	3158	556	469	220	293	540	575	138	126	0
*	3p	+	18	4096495	2950496	2905906	4087914	14040811	32681	20815	3161	3146	1007	2017	905	2205	824	869	840	3239	587	574	239	314	553	648	146	138	0
*	3p	+	19	4078503	2961423	2920984	4079857	14040767	32141	21577	2978	3064	1060	2016	970	2069	880	871	865	3100	639	559	243	349	547	713	165	151	0
*	3p	+	20	4060852	2949309	2956604	4073914	14040679	31385	22015	3059	3124	1000	2025	951	2158	877	845	866	3174	660	596	261	308	585	669	161	172	0
*	3p	+	21	4065991	2916607	2974116	4083997	14040711	30217	22177	3054	3098	1080	2104	986	2127	920	862	890	3266	611	606	297	301	588	661	166	185	0
*	3p	+	22	4086387	2892688	2972543	4089306	14040924	29285	23219	3150	3053	1045	2111	914	2103	874	898	816	3216	670	573	267	319	573	625	165	164	0
*	3p	+	23	4115640	2877115	2950561	4097471	14040787	28536	23837	3106	2940	1026	2066	908	2207	887	845	809	3249	687	599	290	315	634	580	184	194	0
*	3p	+	24	4114473	2887688	2921025	4117620	14040806	27765	24890	3074	2985	977	2116	940	2152	930	871	872	3238	726	648	312	389	668	563	179	215	0
*	3p	+	25	4136007	2878568	2907971	4118142	14040688	26312	26548	3187	3070	1035	2133	937	2090	923	826	816	3256	796	688	321	375	629	597	197	197	0
*	3p	+	26	4139457	2895402	2901520	4104167	14040546	25869	27858	3133	3107	993	2106	943	2164	863	827	878	3230	782	667	337	332	680	549	186	213	0
*	3p	+	27	4111341	2925598	2892184	4111435	14040558	25058	30212	3208	3044	989	2178	977	2146	1016	881	839	3376	872	683	314	373	680	579	195	245	0
*	3p	+	28	4107270	2940218	2885585	4107573	14040646	24457	33062	3162	3080	1008	2124	927	2054	1028	894	868	3380	868	737	335	384	745	515	218	200	0
*	3p	+	29	4116834	2939659	2922749	4061402	14040644	23671	35784	3117	3085	1071	2259	972	2131	1100	950	968	3463	848	698	324	383	704	586	233	226	0
*	3p	+	30	4111403	2916800	2963302	4049215	14040720	23389	43502	3767	3010	1073	2208	1019	2083	1178	951	1019	3878	854	683	359	362	738	550	223	244	0
*	3p	+	31	4013984	2800435	2892015	3959101	13665535	22481	45100	3776	3064	1130	2250	1006	1998	1216	911	1031	3829	846	650	362	358	727	494	222	238	0
*	3p	+	32	3923345	2704450	2789414	3860443	13277652	21753	47321	3723	2967	1071	2221	977	1989	1100	917	951	3868	823	620	376	382	707	501	220	212	0
*	3p	+	33	3826179	2613067	2674995	3769494	12883735	20648	48396	3618	2854	984	2158	947	1875	1028	915	977	3584	836	655	327	361	669	524	190	224	0
*	3p	+	34	3725206	2528051	2570932	3662962	12487151	19924	49832	3411	2783	953	2174	900	1778	1084	909	937	3664	778	680	306	336	672	480	215	190	0
*	3p	+	35	3613291	2452155	2475328	3551465	12092239	18890	51005	3354	2697	922	2158	837	1729	1016	857	959	3510	780	617	301	339	650	476	215	220	0
*	3p	+	36	3487970	2385481	2389150	3438630	11701231	18372	52116	3598	2588	944	2035	866	1723	1007	817	924	3359	788	564	331	313	654	471	227	221	0
*	3p	+	37	3355739	2318659	2310625	3327414	11312437	17616	54115	3472	2562	936	1925	867	1592	987	842	950	3380	752	596	322	299	674	463	195	227	0
*	3p	+	38	3231913	2254598	2229441	3207106	10923058	16861	57203	3537	2532	901	1954	841	1608	994	825	898	3197	739	585	301	279	631	470	184	200	0
*	3p	+	39	3107121	2174319	2151920	3087748	10521108	16313	56708	3510	2432	859	1894	872	1456	941	849	895	3141	765	587	282	275	669	475	173	191	0
*	3p	+	40	2996316	2083806	2090333	2960414	10130869	15635	55798	3285	2287	886	1817	800	1423	929	769	857	2980	713	494	318	263	584	486	196	201	0
*	3p	+	41	2893169	1991771	2026576	2851238	9762754	14952	54785	3258	2206	823	1794	746	1335	865	724	807	2839	677	512	309	262	558	480	214	183	0
*	3p	+	42	2800879	1906206	1950291	2755687	9413063	14139	53971	3175	2182	841	1662	788	1286	871	775	772	2741	695	493	310	284	566	412	193	226	0
*	3p	+	43	2717626	1827341	1871251	2661960	9078178	13647	52747	3036	2083	829	1660	652	1202	816	662	796	2656	597	506	275	255	540	409	189	172	0
*	3p	+	44	2627873	1763100	1789167	2575710	8755850	12943	52057	2971	1988	756	1632	668	1224	787	655	741	2713	612	484	261	264	542	369	184	169	0
*	3p	+	45	2539413	1700855	1712011	2492711	8444990	12370	50818	2903	1982	761	1563	675	1181	789	672	761	2521	571	483	222	240	513	383	168	185	0
*	3p	+	46	2446669	1643383	1648929	2404463	8143444	11999	49883	2779	1801	746	1531	668	1060	752	644	724	2491	577	440	220	233	482	365	166	162	0
*	3p	+	47	2349441	1589133	1590936	2319230	7848740	11612	49008	2622	1749	676	1344	620	1049	711	628	684	2394	490	446	215	250	492	355	151	154	0
*	3p	+	48	2256997	1538336	1526675	2236026	7558034	10809	48598	2576	1747	650	1330	567	1080	635	595	686	2384	495	411	242	232	496	358	132	156	0
*	3p	+	49	2167166	1485590	1476556	2140024	7269336	10470	46856	2492	1618	607	1329	530	985	652	529	632	2181	505	438	250	235	415	326	155	172	0
*	3p	+	50	2075378	1433212	1426005	2052466	6987061	9979	45532	2366	1584	588	1271	520	861	632	516	631	2157	494	361	200	243	395	343	131	136	0
*	3p	+	51	1996599	1369726	1381047	1970349	6717721	9729	43793	2320	1543	556	1262	521	903	610	615	644	2119	502	368	216	215	361	323	137	144	0
*	3p	+	52	1932476	1304690	1331400	1899366	6467932	9270	42583	2340	1490	561	1286	485	869	614	520	576	2020	461	399	191	182	395	273	121	140	0
*	3p	+	53	1869395	1252004	1276535	1834295	6232229	9029	41283	2213	1458	559	1122	493	763	581	515	557	1893	452	317	219	212	365	295	109	134	0
*	3p	+	54	1810543	1208062	1225766	1765239	6009610	8297	39855	2117	1372	566	1155	454	810	517	491	531	1873	439	311	169	196	360	261	115	111	0
*	3p	+	55	1749200	1159953	1182439	1705775	5797367	8378	38519	1996	1230	544	1109	461	770	592	479	533	1843	398	311	181	184	328	287	114	122	0
*	3p	+	56	1680271	1125251	1132125	1654898	5592545	7841	37338	2089	1347	486	1092	404	721	514	422	523	1743	396	319	173	172	336	275	134	125	0
*	3p	+	57	1617333	1088900	1093561	1595719	5395513	7485	36584	1852	1238	450	1038	410	682	450	432	515	1715	370	278	178	163	321	272	105	118	0
*	3p	+	58	1553167	1057196	1053579	1539086	5203028	7250	35749	1840	1197	472	962	415	677	478	409	498	1681	387	273	151	185	324	300	113	122	0
*	3p	+	59	1497412	1019249	1014492	1484293	5015446	6884	34535	1827	1195	424	953	377	644	459	430	448	1607	371	287	154	156	337	247	122	119	0
*	3p	+	60	1442577	986283	983455	1422135	4834450	6546	33478	1708	1074	416	961	408	670	433	431	450	1560	341	302	175	162	296	236	97	111	0
*	3p	+	61	1392401	944973	956605	1368303	4662282	6419	32475	1664	1073	439	871	367	599	442	374	393	1543	331	264	148	147	312	215	89	98	0
*	3p	+	62	1348233	905670	923229	1323500	4500632	6000	31194	1591	1040	446	866	360	564	455	412	404	1481	320	253	122	150	263	224	104	97	0
*	3p	+	63	1306014	873918	889659	1279533	4349124	5888	30550	1453	1024	422	883	298	558	387	383	413	1417	305	258	147	144	251	199	94	91	0
*	3p	+	64	1262974	843814	857189	1241537	4205514	5417	30434	1537	959	388	797	317	501	377	376	390	1344	286	248	138	148	243	192	99	86	0
*	3p	+	65	1222259	814596	824713	1201329	4062897	5249	29392	1414	925	365	864	331	510	373	332	339	1379	285	230	115	136	239	174	76	106	0
*	3p	+	66	1181327	786002	793662	1164850	3925841	5117	27971	1426	923	394	830	323	516	362	337	357	1319	301	238	141	127	239	193	76	86	0
*	3p	+	67	1138138	763194	765585	1126517	3793434	4856	27455	1409	866	349	782	300	486	342	323	341	1269	286	206	123	133	211	193	71	74	0
*	3p	+	68	1096540	742402	735949	1090247	3665138	4510	26591	1346	821	345	754	271	474	345	316	308	1171	290	216	112	99	196	193	63	79	0
*	3p	+	69	1057997	720995	710425	1050548	3539965	4414	25706	1295	815	355	770	323	462	332	296	306	1150	277	204	99	93	179	171	75	78	0
*	3p	+	70	1021230	696272	689466	1011608	3418576	4206	24815	1301	834	295	713	261	455	343	274	334	1163	261	194	116	97	210	141	65	80	0
*	3p	-	1	4008448	3042932	2976988	4012031	14040399	358618	24911	9010	11115	1947	4715	4987	19026	4386	12579	1712	6667	0	0	0	0	647	1316	142	123	9
*	3p	-	2	3435662	3124993	3120484	4359569	14040708	154224	20920	5994	4780	1383	2724	2641	6395	2794	4655	1314	5138	309	421	68	233	428	827	126	121	6
*	3p	-	3	4095451	2721571	2869338	4354724	14041084	115503	20366	3921	4173	1281	2730	1409	4766	1478	2922	1117	4439	439	390	86	143	376	431	73	100	6
*	3p	-	4	4119894	2893821	2760828	4266448	14040991	93396	16470	3383	3879	1262	2619	1252	3403	1254	1271	1045	3749	381	397	103	152	439	422	91	137	1
*	3p	-	5	4127967	2882714	2774690	4255159	14040530	80989	15961	3064	3675	1197	2298	1121	3261	948	1117	1000	3664	499	471	129	172	553	465	142	147	0
*	3p	-	6	4083960	2873639	2779214	4303391	14040204	72404	16793	2999	3437	1152	2204	1175	2957	937	1001	921	3510	630	525	168	263	610	545	197	194	0
*	3p	-	7	4236627	2823383	2773853	4206269	14040132	64009	17710	2991	3410	1156	2132	1077	2687	908	1010	898	3432	667	538	193	277	627	542	189	179	0
*	3p	-	8	4204312	2860801	2861649	4113140	14039902	57334	18582	3064	3287	1032	2050	1090	2562	956	1005	883	3358	702	557	230	323	600	532	226	176	0
*	3p	-	9	4212748	2882654	2889320	4055497	14040219	52721	19366	3129	3247	1146	2107	1029	2624	947	1003	936	3395	731	609	234	351	609	573	178	179	0
*	3p	-	10	4118961	2918485	2959872	4042843	14040161	48339	19279	3130	3244	1099	2092	1003	2513	904	947	853	3429	753	634	254	342	618	521	166	168	0
*	3p	-	11	4109787	2902352	2964000	4063918	14040057	45175	19393	3153	3274	1084	2100	971	2542	880	909	857	3347	769	598	245	360	652	542	146	180	0
*	3p	-	12	4107684	2891964	2964599	4075727	14039974	42415	19335	3132	3046	1160	1975	984	2440	815	942	897	3453	800	665	261	328	661	524	151	180	0
*	3p	-	13	4112426	2873378	2948928	4105153	14039885	40258	19562	3156	3178	1059	1991	945	2329	919	921	839	3247	848	637	262	310	626	542	167	174	0
*	3p	-	14	4130797	2865454	2905926	4137656	14039833	37844	19607	3088	3127	1023	2029	946	2258	889	851	831	3311	838	619	261	320	641	506	163	199	0
*	3p	-	15	4157329	2868354	2893407	4120728	14039818	35842	19870	2983	3072	994	2004	926	2226	859	894	865	3241	853	619	246	275	693	497	168	172	0
*	3p	-	16	4132336	2901887	2884682	4121108	14040013	34258	20162	3168	3144	1044	2064	959	2221	875	886	888	3288	833	587	278	302	607	504	189	187	0
*	3p	-	17	4120384	2929955	2891003	4098645	14039987	33638	20520	3020	3017	1035	2092	916	2235	918	884	857	3114	784	622	240	306	692	501	170	207	0
*	3p	-	18	4100167	2952921	2904617	4082411	14040116	32834	21093	3114	3115	1060	2114	944	2155	849	883	845	3305	750	574	250	333	607	514	180	221	0
*	3p	-	19	4085776	2963359	2917772	4073355	14040262	32022	21328	3089	3080	1045	2019	934	2234	833	872	871	3076	783	576	270	319	625	478	178	212	0
*	3p	-	20	4069775	2948150	2955331	4066880	14040136	31257	21752	3096	3018	993	2031	903	2169	857	859	809	3177	791	632	275	354	635	477	189	230	0
*	3p	-	21	4070922	2915114	2975014	4079178	14040228	30533	22255	3028	3091	1045	2092	907	2207	925	806	899	3297	811	649	306	329	643	494	202	210	0
*	3p	-	22	4093194	2893701	2966305	4087030	14040230	30017	22881	3083	2956	1063	1961	968	2165	870	839	870	3252	788	572	303	344	670	476	203	236	0
*	3p	-	23	4119095	2881616	2949186	4090267	14040164	28690	23810	3145	2908	994	2041	934	2066	888	884	898	3257	782	649	319	379	645	464	220	214	0
*	3p	-	24	4122000	2890335	2920299	4107620	14040254	27736	25017	3144	2940	1004	2142	990	2116	961	865	924	3173	789	614	300	343	626	482	238	226	0
*	3p	-	25	4147039	2878247	2905619	4109262	14040167	26596	26344	3102	3005	1049	2125	896	2155	860	912	860	3279	722	583	326	382	600	484	263	231	0
*	3p	-	26	4147547	2898118	2895103	4099269	14040037	25823	27990	3155	2952	1037	2032	958	2163	854	834	875	3221	733	594	380	343	609	479	226	238	0
*	3p	-	27	4117556	2926915	2890624	4105051	14040146	25045	30474	3175	3075	977	2129	900	2078	984	879	903	3332	802	540	317	352	553	504	213	249	0
*	3p	-	28	4115287	2944690	2884410	4095768	14040155	24389	32873	3185	3052	1003	2197	949	2171	1027	887	873	3396	705	560	355	372	565	483	243	259	0
*	3p	-	29	4124825	2938758	2920547	4056159	14040289	23827	36148	3362	2988	1048	2237	960	2175	1101	918	905	3545	696	592	357	375	594	476	208	248	0
*	3p	-	30	4118314	2914541	2964332	4043151	14040338	23519	43506	3661	3033	1093	2367	1013	2093	1070	966	949	3912	685	591	381	357	619	473	206	245	0
*	3p	-	31	4017441	2801018	2891503	3955702	13665664	22681	45383	3640	2949	1040	2329	1001	2072	1188	981	993	3816	688	537	342	356	591	483	190	227	0
*	3p	-	32	3927128	2710512	2787303	3854833	13279776	21298	47029	3683	2887	1034	2213	993	1992	1096	899	984	3789	708	588	320	336	593	424	197	231	0
*	3p	-	33	3831571	2613677	2676360	3764466	12886074	20855	48300	3699	2811	987	2222	942	1944	1002	945	942	3680	692	532	334	332	535	487	207	202	0
*	3p	-	34	3735332	2528931	2568056	3657272	12489591	19915	49629	3642	2769	1003	2042	933	1873	1030	922	952	3548	568	489	324	311	551	452	206	198	0
*	3p	-	35	3623165	2455318	2472551	3544041	12095075	18822	50611	3426	2666	869	2089	871	1770	1018	856	900	3494	550	458	293	340	555	434	200	203	0
*	3p	-	36	3496916	2390806	2388292	3427931	11703945	18073	52325	3461	2559	936	1991	842	1729	1021	802	952	3381	559	479	288	284	483	417	205	207	0
*	3p	-	37	3361327	2320815	2308838	3324122	11315102	17414	53580	3514	2561	910	1981	879	1608	977	821	935	3208	542	438	292	303	482	415	197	188	0
*	3p	-	38	3238440	2258427	2225667	3202157	10924691	16615	56638	3622	2597	906	1942	814	1561	957	830	874	3353	517	454	312	282	442	377	178	192	0
*	3p	-	39	3112534	2175587	2154297	3081284	10523702	16091	56815	3464	2417	929	1937	835	1508	955	822	917	3189	469	423	288	273	445	344	179	177	0
*	3p	-	40	3002411	2082775	2090247	2957090	10132523	15765	55583	3320	2345	907	1797	840	1423	911	764	842	3111	497	424	284	239	434	361	189	186	0
*	3p	-	41	2901785	1994802	2024983	2843045	9764615	15023	54909	3288	2160	889	1709	801	1341	907	737	874	2926	496	390	286	275	433	322	178	173	0
*	3p	-	42	2805438	1908569	1951976	2749131	9415114	14303	54090	3129	2128	831	1687	743	1303	908	736	822	2919	472	412	249	253	433	356	174	180	0
*	3p	-	43	2723812	1827737	1870034	2660742	9082325	13543	52916	2980	2134	780	1586	672	1242	783	727	741	2728	474	407	222	244	399	333	157	162	0
*	3p	-	44	2632032	1765938	1790416	2572934	8761320	13034	52491	2980	1969	794	1530	667	1197	806	707	752	2717	436	385	264	251	376	304	160	138	0
*	3p	-	45	2542593	1701086	1716197	2488917	8448793	12491	51156	2827	1921	814	1480	616	1190	828	661	776	2671	449	359	228	235	360	316	145	124	0
*	3p	-	46	2453668	1643418	1649944	2400561	8147591	11860	49948	2781	1793	752	1534	604	1098	734	617	729	2482	427	350	208	234	318	279	133	145	0
*	3p	-	47	2352606	1590908	1590401	2317902	7851817	11440	49210	2701	1761	679	1454	584	1072	707	593	711	2451	406	341	215	230	319	279	122	129	0
*	3p	-	48	2259114	1540606	1530325	2230563	7560608	10847	48710	2655	1710	652	1357	610	1062	652	566	642	2261	379	300	230	234	351	339	132	124	0
*	3p	-	49	2172452	1485718	1475187	2138221	7271578	10348	47135	2603	1700	573	1316	598	938	649	535	670	2095	404	287	188	187	326	287	137	137	0
*	3p	-	50	2081009	1432988	1425066	2049691	6988754	10008	45708	2474	1581	632	1274	532	937	635	528	620	2049	378	297	211	189	295	253	97	131	0
*	3p	-	51	1999178	1370620	1380492	1969093	6719383	9781	44051	2375	1502	596	1267	498	904	654	527	602	2043	343	296	213	194	314	248	112	137	0
*	3p	-	52	1935518	1305805	1329726	1897585	6468634	9343	42718	2309	1404	552	1187	522	829	572	501	569	2015	350	305	178	174	281	252	132	106	0
*	3p	-	53	1874836	1252906	1276742	1828996	6233480	8951	40450	2162	1355	570	1123	471	836	568	485	550	1954	342	262	179	195	288	272	92	126	0
*	3p	-	54	1816667	1207710	1223826	1762640	6010843	8500	39777	2115	1403	557	1112	441	791	580	521	526	1864	339	287	161	172	260	232	120	102	0
*	3p	-	55	1752976	1160250	1180804	1704510	5798540	8151	38791	2114	1387	532	1154	457	741	560	466	534	1825	311	278	166	179	261	224	101	109	0
*	3p	-	56	1683131	1126034	1132091	1652409	5593665	7802	37662	2105	1261	536	1048	421	736	522	467	525	1764	294	242	168	179	263	211	98	101	0
*	3p	-	57	1619682	1090331	1092267	1593861	5396141	7525	36525	1930	1194	461	970	425	700	500	399	488	1629	321	269	154	151	242	221	98	94	0
*	3p	-	58	1556519	1055812	1055445	1536472	5204248	7230	35681	1876	1131	459	1052	369	661	458	391	468	1641	300	239	159	151	249	199	106	91	0
*	3p	-	59	1499640	1021308	1015651	1479472	5016071	6762	34281	1837	1115	434	1007	406	657	445	411	474	1560	248	253	143	137	223	191	95	115	0
*	3p	-	60	1441960	987703	984640	1420584	4834887	6634	33455	1727	1175	433	911	368	642	448	391	433	1612	274	221	136	122	233	175	75	93	0
*	3p	-	61	1394254	945882	955483	1367008	4662627	6276	32594	1683	1086	438	862	366	624	410	406	444	1500	247	212	152	116	213	168	93	87	0
*	3p	-	62	1349199	907672	921441	1322313	4500625	6074	31516	1614	1064	449	869	347	582	426	386	400	1538	262	207	121	125	193	188	74	91	0
*	3p	-	63	1307025	874825	887709	1279159	4348718	5775	30319	1620	997	409	831	326	561	427	343	377	1405	233	207	124	126	185	156	78	75	0
*	3p	-	64	1263624	846077	857177	1238506	4205384	5738	30658	1564	985	401	816	331	540	375	327	382	1302	220	193	119	111	188	134	57	75	0
*	3p	-	65	1223181	816647	823483	1198750	4062061	5275	29411	1486	943	388	838	306	521	361	337	350	1353	205	163	130	122	166	136	61	81	0
*	3p	-	66	1180419	789797	793537	1161858	3925611	5010	28337	1479	881	379	829	317	490	403	336	339	1307	214	166	90	110	171	156	59	75	0
*	3p	-	67	1140252	763951	764394	1125178	3793775	4900	27291	1408	902	337	736	282	518	388	331	374	1223	215	187	105	85	149	126	64	59	0
*	3p	-	68	1096944	743619	737603	1087912	3666078	4682	26551	1352	958	338	777	312	459	336	290	366	1231	170	161	82	93	139	127	49	63	0
*	3p	-	69	1058756	721001	709978	1051671	3541406	4387	25612	1288	871	340	758	277	475	392	323	337	1232	180	177	100	99	146	97	53	50	0
*	3p	-	70	1021659	697957	689706	1011730	3421052	4142	24690	1185	792	289	740	276	413	338	315	338	1165	182	137	86	89	139	115	48	50	0
*	5p	+	1	3695485	3180741	3088006	4077979	14042211	6916	435730	32474	7303	5495	5141	3382	2657	3894	1994	5948	15760	0	0	0	0	400	357	118	144	2
*	5p	+	2	4364452	3022981	3224803	3429451	14041687	5575	188265	5960	3409	1459	3267	1856	2844	1891	3707	1772	5882	545	253	270	99	444	281	93	129	0
*	5p	+	3	4322867	2874478	2751442	4093458	14042245	3403	132573	3952	3079	989	2972	790	1808	2280	1323	1039	4772	463	350	153	102	394	310	105	113	0
*	5p	+	4	4314414	2770177	2914113	4043398	14042102	3923	114284	4415	3438	1020	5597	1144	1847	6098	1626	893	6128	461	359	153	148	460	337	119	137	0
*	5p	+	5	4297246	2765730	2897933	4078528	14039437	4949	97544	3946	2778	847	1935	847	1800	889	1014	941	4140	600	477	175	140	604	364	167	175	0
*	5p	+	6	4312823	2774320	2893302	4059411	14039856	6342	87344	4332	3062	1357	3179	1249	2169	1770	1355	1220	3945	666	500	198	170	583	418	218	166	0
*	5p	+	7	4223671	2780269	2819049	4218878	14041867	7666	77171	3516	2718	794	2042	815	1730	843	824	955	3586	719	582	207	151	544	445	159	179	0
*	5p	+	8	4109625	2852536	2863132	4214574	14039867	8982	70221	3423	2755	839	2042	803	1774	725	809	961	3452	677	549	200	225	520	388	149	197	0
*	5p	+	9	4040415	2906293	2884762	4210552	14042022	10081	64519	3477	3099	914	2246	880	1880	915	849	1084	3512	673	519	235	182	542	373	137	149	0
*	5p	+	10	4044466	2954145	2932779	4110575	14041965	10749	60860	3373	2824	899	2065	864	1714	880	861	949	3418	690	529	228	192	583	396	114	140	0
*	5p	+	11	4069538	2962836	2924198	4083384	14039956	10748	56214	3355	2718	987	1965	909	1710	880	787	954	3358	725	543	204	204	572	390	155	136	0
*	5p	+	12	4086091	2954813	2921036	4080116	14042056	11237	52656	3293	2862	832	1990	895	1737	879	816	897	3170	728	562	236	198	517	405	126	122	0
*	5p	+	13	4113578	2942778	2893144	4092475	14041975	11427	49687	3247	2886	842	1968	890	1741	887	831	888	3316	749	578	246	201	570	397	134	150	0
*	5p	+	14	4148144	2896652	2884191	4112982	14041969	11490	47322	3092	2735	773	1868	788	1630	695	745	852	3099	716	602	208	208	550	408	145	147	0
*	5p	+	15	4131579	2882918	2880273	4147157	14041927	12264	45789	3793	3738	1389	2843	1225	2246	1576	1373	1428	3602	727	529	202	172	538	450	159	145	0
*	5p	+	16	4133207	2875019	2917768	4115949	14041943	12233	43705	3260	2877	776	1896	852	1731	839	778	833	3104	681	571	196	192	537	441	150	144	0
*	5p	+	17	4108042	2883659	2946692	4101369	14039762	12591	42564	3419	2965	986	2033	1010	1859	919	903	963	3172	708	527	198	205	545	476	152	160	0
*	5p	+	18	4091275	2897324	2968078	4085219	14041896	13047	41217	3122	2761	831	1768	826	1606	800	814	849	3065	675	556	220	193	555	445	133	188	0
*	5p	+	19	4081775	2912558	2974690	4070610	14039633	13454	40348	3153	2811	869	1933	904	1672	900	905	852	3152	713	553	244	238	586	468	149	178	0
*	5p	+	20	4081257	2943778	2964966	4049544	14039545	13831	39493	3068	2903	771	1754	732	1689	706	762	786	3097	725	619	291	248	569	508	195	214	0
*	5p	+	21	4093949	2964901	2927195	4053293	14039338	14183	38688	3116	2904	781	1727	861	1781	742	772	858	3010	756	639	274	280	609	538	174	193	0
*	5p	+	22	4102462	2954522	2905516	4079194	14041694	15002	37901	3167	2972	904	1957	891	1759	874	861	838	3067	737	605	285	325	599	520	196	209	0
*	5p	+	23	4105334	2934376	2890060	4109440	14039210	15854	37225	3217	3141	882	1829	1005	1919	965	929	926	3075	755	630	315	331	585	523	203	197	0
*	5p	+	24	4124500	2902064	2901031	4111820	14039415	16985	35559	2965	2864	786	1652	770	1761	659	752	737	2956	698	624	299	354	612	491	237	214	0
*	5p	+	25	4123162	2888524	2890267	4137685	14039638	18398	34718	3156	2859	790	1900	831	1842	783	804	786	3138	715	577	321	351	616	488	207	210	0
*	5p	+	26	4117680	2878243	2911672	4132541	14040136	20255	34804	3952	3444	1456	3129	1372	2388	1669	1460	1155	4095	724	589	284	348	555	538	200	206	0
*	5p	+	27	4123134	2878752	2940806	4099077	14041769	21967	33713	3293	3012	946	2675	931	2073	879	960	837	3758	674	521	279	385	565	459	205	214	0
*	5p	+	28	4118718	2872781	2951756	4096299	14039554	24769	32972	3240	3089	1116	2581	966	2118	1011	916	958	3886	657	570	317	338	537	548	204	211	0
*	5p	+	29	4073685	2914010	2953424	4100572	14041691	27553	32480	3330	3146	1102	2464	996	2198	971	910	913	3838	708	571	293	386	565	519	215	223	0
*	5p	+	30	4063810	2950673	2924903	4102238	14041624	34737	32168	3327	3235	1241	2540	1038	2601	1023	1099	995	3877	727	545	345	362	579	531	235	226	0
*	5p	+	31	3974872	2874478	2808896	4008213	13666459	36933	31377	3199	3242	998	2388	1091	2564	1003	1013	910	3620	657	562	346	342	582	536	188	232	0
*	5p	+	32	3876648	2772491	2717662	3911670	13278471	37955	30193	2972	3165	994	2449	958	2517	838	848	858	3480	694	560	288	346	569	510	196	220	0
*	5p	+	33	3785489	2658671	2623945	3816220	12884325	39936	29234	3028	3134	1045	2314	1051	2527	881	1070	844	3555	680	545	306	341	516	486	211	210	0
*	5p	+	34	3676166	2550214	2536020	3723226	12485626	41532	28101	2853	2888	978	2117	887	2333	751	891	794	3255	660	553	319	312	549	473	190	217	0
*	5p	+	35	3571791	2450963	2461785	3608358	12092897	42320	27185	2905	3027	1229	2218	1042	2501	994	1133	932	3347	597	524	284	358	489	482	186	182	0
*	5p	+	36	3452277	2367458	2398636	3483496	11701867	43945	26219	2643	2781	874	1918	860	2303	707	850	755	3271	564	541	267	334	507	447	172	206	0
*	5p	+	37	3344057	2287767	2332213	3349073	11313110	45689	25574	2612	2805	784	1843	792	2169	621	837	763	3068	556	488	259	350	480	437	178	171	0
*	5p	+	38	3221763	2210980	2265547	3224773	10923063	48208	24744	2533	2693	828	1765	797	2026	635	826	749	2858	555	456	225	304	464	409	202	185	0
*	5p	+	39	3098051	2135794	2182925	3104030	10520800	48278	24344	2435	2648	759	1716	772	1955	646	830	688	2891	492	386	260	362	441	438	204	172	0
*	5p	+	40	2971649	2071302	2093816	2994596	10131363	47953	23425	2614	2718	1009	1816	922	2134	849	965	775	2928	506	393	247	323	471	398	191	180	0
*	5p	+	41	2860054	2009171	2000403	2893568	9763196	47043	22478	2219	2481	818	1592	746	2021	573	775	672	2656	513	416	252	314	460	416	149	165	0
*	5p	+	42	2765455	1934645	1909675	2803213	9412988	46161	21563	2233	2335	714	1579	759	1902	576	743	696	2579	484	434	231	299	472	417	143	180	0
*	5p	+	43	2672555	1854691	1833840	2717354	9078440	45564	21044	2056	2231	676	1533	646	1866	484	675	581	2537	470	423	243	246	452	398	152	176	0
*	5p	+	44	2585932	1773785	1766981	2629418	8756116	44983	19970	2058	2265	648	1445	687	1764	586	664	634	2421	419	425	235	263	416	401	151	167	0
*	5p	+	45	2505138	1699499	1701307	2539388	8445332	43546	19134	2003	2139	656	1459	649	1643	504	624	558	2207	423	357	220	288	399	353	137	147	0
*	5p	+	46	2418127	1632603	1644450	2448539	8143719	43355	18617	1930	2108	627	1488	707	1681	590	623	521	2259	451	348	206	293	395	327	128	131	0
*	5p	+	47	2332529	1570953	1594668	2350601	7848751	42637	18136	2026	2120	709	1476	781	1687	676	674	638	2285	406	365	203	246	384	333	135	122	0
*	5p	+	48	2247661	1509105	1544015	2257592	7558373	41546	17126	1863	1943	604	1422	687	1573	569	641	539	2258	369	319	202	248	339	299	109	160	0
*	5p	+	49	2150584	1463822	1487864	2167452	7269722	40736	16756	1697	1829	487	1163	600	1412	422	494	453	2021	391	315	205	227	344	299	109	120	0
*	5p	+	50	2061594	1412928	1439014	2073750	6987286	39445	16324	1620	1819	551	1156	575	1392	433	522	445	1941	372	306	211	254	302	337	120	112	0
*	5p	+	51	1985300	1365265	1372957	1994181	6717703	38115	15615	1613	1811	531	1192	581	1404	470	540	432	1881	374	329	160	214	324	332	119	121	0
*	5p	+	52	1915394	1312615	1307449	1932558	6468016	36337	14966	1446	1672	489	1046	490	1292	347	443	419	1776	396	304	185	206	333	298	111	116	0
*	5p	+	53	1842613	1263070	1256122	1870198	6232003	35152	14639	1528	1677	512	1061	476	1214	373	477	455	1715	390	251	163	207	314	275	96	111	0
*	5p	+	54	1775287	1215722	1209912	1808810	6009731	34307	14033	1339	1482	455	929	458	1222	339	409	376	1667	334	290	180	198	291	288	82	104	0
*	5p	+	55	1714086	1173716	1165989	1743740	5797531	32733	13351	1394	1528	444	959	484	1217	427	458	397	1569	330	261	155	188	280	251	93	122	0
*	5p	+	56	1661722	1122062	1130094	1678858	5592736	32204	13005	1352	1516	471	947	463	1203	397	427	380	1562	311	239	172	181	289	253	110	92	0
*	5p	+	57	1600889	1084194	1090874	1619625	5395582	31029	12515	1412	1478	587	1025	545	1162	471	539	444	1502	306	241	160	186	286	264	120	106	0
*	5p	+	58	1544220	1046180	1056806	1555995	5203201	30302	12161	1220	1425	456	928	436	1149	300	366	345	1426	308	252	147	184	255	244	117	101	0
*	5p	+	59	1492978	1004957	1017929	1499723	5015587	29588	11734	1190	1344	482	805	383	1042	309	368	339	1430	296	263	137	154	269	234	99	92	0
*	5p	+	60	1429437	973105	988928	1443092	4834562	28346	11233	1180	1354	439	871	477	1030	338	423	337	1356	274	233	151	160	244	243	84	92	0
*	5p	+	61	1375648	946056	946988	1393577	4662269	27768	10811	1181	1303	426	797	360	1028	340	385	334	1261	302	230	155	148	257	243	94	66	0
*	5p	+	62	1329926	912882	909742	1348100	4500650	26961	10462	1074	1252	378	797	433	966	289	306	290	1297	270	224	133	147	249	208	99	100	0
*	5p	+	63	1288109	881278	874005	1305716	4349108	26171	10328	1081	1197	391	794	400	962	334	379	329	1265	246	223	130	145	263	225	63	80	0
*	5p	+	64	1250301	849057	846184	1260049	4205591	25951	9689	1020	1110	384	759	336	968	302	352	315	1167	270	210	94	138	227	212	80	74	0
*	5p	+	65	1208655	817273	816270	1220682	4062880	24940	9496	939	1080	412	660	349	849	276	342	276	1147	237	215	122	114	218	185	79	79	0
*	5p	+	66	1170555	785698	792072	1177587	3925912	23812	8967	985	1087	368	717	304	824	263	293	273	1029	219	198	132	146	197	187	80	75	0
*	5p	+	67	1131287	759215	766137	1136873	3793512	23087	8944	846	1035	322	581	308	774	252	311	259	1016	206	184	130	118	194	166	71	67	0
*	5p	+	68	1095115	731527	745868	1092695	3665205	22295	8331	870	1038	326	659	307	806	282	320	270	1022	207	214	90	112	189	175	64	59	0
*	5p	+	69	1057437	706487	721564	1054536	3540024	21515	8189	839	972	345	587	311	795	213	272	247	966	217	174	88	115	179	159	62	62	0
*	5p	+	70	1021904	680649	693325	1022720	3418598	20689	7828	885	989	376	611	292	804	284	297	251	997	186	191	104	129	170	150	61	54	0
*	5p	-	1	3704728	3184431	3082878	4070379	14042416	7042	435773	33083	7148	5576	5098	3481	2725	3955	1997	5981	15738	0	0	0	0	58	70	49	42	4
*	5p	-	2	4370940	3020460	3223771	3426633	14041804	5644	187450	6020	3502	1502	3299	1885	2907	1823	3681	1787	5741	26	23	101	19	89	77	51	76	2
*	5p	-	3	4332166	2874852	2752248	4082960	14042226	3525	133137	3992	3095	996	2903	786	1816	2148	1260	917	4700	56	45	111	26	101	101	66	56	1
*	5p	-	4	4322726	2772496	2911211	4035704	14042137	3863	114887	4467	3436	973	5400	1240	1892	6017	1661	953	6255	90	61	105	54	144	128	74	80	0
*	5p	-	5	4301167	2769278	2894224	4074650	14039319	4867	97192	3953	2725	919	1903	911	1796	901	1043	1018	4222	125	139	136	86	208	279	151	137	0
*	5p	-	6	4327287	2773445	2885731	4053341	14039804	6306	87687	4378	3136	1342	3164	1237	2149	1786	1333	1221	3975	164	146	131	96	258	225	161	171	0
*	5p	-	7	4227447	2781558	2816590	4216249	14041844	7764	77657	3458	2705	875	2183	779	1748	910	836	866	3495	170	189	159	110	223	252	136	140	0
*	5p	-	8	4117969	2851896	2862753	4207147	14039765	9174	70075	3359	2824	843	1999	760	1735	779	820	1029	3488	190	185	164	142	219	208	118	198	0
*	5p	-	9	4050675	2904723	2884066	4202431	14041895	10134	64736	3375	3096	911	2136	862	1865	902	859	1112	3557	230	234	175	163	287	210	126	112	0
*	5p	-	10	4051622	2955273	2930460	4104465	14041820	10578	60321	3284	2754	867	2048	890	1704	915	835	969	3350	253	266	168	162	258	251	124	142	0
*	5p	-	11	4076435	2965267	2921668	4076392	14039762	10924	55895	3309	2915	956	2011	864	1747	818	862	920	3384	285	311	195	149	293	256	156	131	0
*	5p	-	12	4088943	2956512	2919283	4077085	14041823	11092	52258	3216	2892	855	1997	884	1758	878	851	927	3282	351	342	194	157	300	272	115	118	0
*	5p	-	13	4120793	2945342	2890999	4084674	14041808	11482	50146	3346	2955	777	1989	863	1658	845	855	928	3280	354	371	174	186	309	283	118	115	0
*	5p	-	14	4156116	2900818	2877794	4106997	14041725	11383	46956	3191	2783	830	1877	755	1655	743	746	902	3258	388	364	190	162	378	283	115	123	0
*	5p	-	15	4139114	2884535	2880745	4137328	14041722	12129	45787	3757	3761	1453	2821	1303	2306	1466	1280	1375	3582	442	421	199	170	402	298	105	103	0
*	5p	-	16	4137833	2877440	2918691	4107751	14041715	12240	43396	3260	2914	788	1834	816	1724	817	782	795	2983	481	414	183	163	411	279	98	123	0
*	5p	-	17	4114721	2885436	2941483	4097860	14039500	12546	42533	3340	2948	982	2006	950	1873	940	951	1008	3225	544	478	209	190	422	288	99	123	0
*	5p	-	18	4101339	2895596	2967757	4076915	14041607	12780	41517	3329	2799	797	1791	782	1729	798	715	820	3019	558	516	208	209	473	326	92	127	0
*	5p	-	19	4088686	2912736	2971981	4065995	14039398	13275	40546	3230	2802	878	1893	881	1714	877	854	901	3198	584	494	192	200	464	372	122	137	0
*	5p	-	20	4088237	2946247	2961689	4043070	14039243	13582	39568	3151	2810	754	1734	732	1741	683	775	805	2945	611	503	214	222	494	337	127	144	0
*	5p	-	21	4097387	2963985	2930254	4047535	14039161	14321	39147	3092	2895	835	1727	794	1699	715	800	836	2989	649	519	240	239	512	386	139	123	0
*	5p	-	22	4108586	2955746	2904429	4072685	14041446	14885	38201	3140	2943	936	1895	891	1845	897	889	861	3122	705	518	269	301	526	361	142	144	0
*	5p	-	23	4109908	2937631	2889740	4101685	14038964	15756	37168	3276	2930	937	1878	945	1853	987	977	879	3110	718	522	274	250	551	404	164	145	0
*	5p	-	24	4130262	2900300	2901712	4106900	14039174	16999	35723	2991	2760	798	1711	751	1794	679	742	806	3131	714	577	285	301	523	411	176	176	0
*	5p	-	25	4130837	2888839	2889353	4130217	14039246	18298	34886	3163	2772	800	1773	877	1820	783	806	805	3069	738	604	303	308	582	444	161	168	0
*	5p	-	26	4124712	2880399	2910958	4123575	14039644	20366	34777	3861	3370	1428	3197	1374	2398	1611	1403	1198	4176	763	641	340	355	573	422	210	188	0
*	5p	-	27	4133347	2882613	2934652	4090581	14041193	22022	33222	3275	2888	1022	2561	915	2033	883	879	932	3725	802	624	303	366	581	470	188	181	0
*	5p	-	28	4124461	2873996	2951321	4089181	14038959	24619	32874	3247	3047	1153	2610	876	2166	1059	895	916	3846	787	632	320	383	617	467	205	218	0
*	5p	-	29	4074075	2915310	2955356	4096323	14041064	27676	32941	3250	3109	1057	2549	1018	2315	951	984	936	3844	808	629	297	396	654	480	179	237	0
*	5p	-	30	4071827	2950939	2923040	4095217	14041023	34982	32574	3454	3103	1127	2619	1110	2648	1024	1123	1022	3849	794	660	303	346	604	546	188	236	0
*	5p	-	31	3977030	2878448	2808170	4002730	13666378	36769	31523	3245	3124	1016	2366	1035	2699	1002	1052	929	3696	827	640	303	379	597	498	218	211	0
*	5p	-	32	3879755	2776954	2717235	3906522	13280466	38280	30470	3091	3069	958	2357	991	2555	854	875	868	3565	779	626	305	397	570	473	191	226	0
*	5p	-	33	3793691	2658499	2620676	3813577	12886443	39676	28965	3042	3088	1036	2235	997	2592	910	1024	842	3502	786	602	308	360	534	500	230	200	0
*	5p	-	34	3686205	2550112	2537139	3714263	12487719	41105	28077	2898	2940	914	2051	909	2409	788	896	822	3392	788	592	296	325	606	534	208	204	0
*	5p	-	35	3577902	2451447	2461221	3604796	12095366	43017	27405	2995	3122	1194	2211	933	2594	1018	1036	918	3279	744	575	280	306	619	505	211	219	0
*	5p	-	36	3456451	2370904	2399324	3477461	11704140	43955	26469	2712	2807	884	1935	910	2206	712	830	733	3140	768	561	288	359	575	528	217	204	0
*	5p	-	37	3347640	2295216	2329578	3342863	11315297	45796	25607	2636	2677	859	1834	808	2119	666	785	737	3070	734	571	264	340	575	505	207	196	0
*	5p	-	38	3228827	2213167	2262669	3219503	10924166	48403	25217	2520	2687	821	1733	765	2158	660	830	699	3119	711	600	300	335	586	484	197	221	0
*	5p	-	39	3107254	2137726	2178630	3099197	10522807	48049	24154	2437	2488	750	1772	747	2159	654	758	681	2849	707	574	267	328	565	572	180	205	0
*	5p	-	40	2978636	2073882	2088738	2991240	10132496	47748	23414	2594	2693	915	1900	892	2188	850	925	739	2882	673	517	290	358	556	533	184	201	0
*	5p	-	41	2864006	2009628	2000673	2890224	9764531	47078	22806	2311	2465	803	1661	731	1951	583	744	625	2699	665	512	298	333	520	477	194	184	0
*	5p	-	42	2769856	1936669	1910057	2798014	9414596	46067	21808	2176	2438	738	1538	758	1928	647	755	626	2565	601	499	249	326	566	461	176	200	0
*	5p	-	43	2677367	1858119	1832231	2714517	9082234	45259	20700	2149	2208	632	1523	663	1812	524	671	636	2447	588	491	237	293	506	417	174	171	0
*	5p	-	44	2595069	1773147	1767334	2625653	8761203	44752	20063	2051	2264	673	1464	668	1739	638	696	597	2442	571	418	256	275	474	392	165	165	0
*	5p	-	45	2511443	1698136	1701644	2537385	8448608	43631	19181	2061	2217	668	1385	666	1716	523	651	552	2238	508	435	254	264	456	463	155	184	0
*	5p	-	46	2422991	1633694	1645447	2445236	8147368	43134	18487	1919	2101	629	1425	644	1650	576	596	534	2321	541	463	259	267	449	419	139	158	0
*	5p	-	47	2339435	1572724	1591372	2347758	7851289	42281	17823	1987	2148	723	1504	734	1667	687	729	652	2213	504	456	230	288	505	408	139	152	0
*	5p	-	48	2254159	1511317	1542910	2252128	7560514	41993	17059	1862	2020	657	1313	702	1605	577	632	545	2119	518	423	221	267	434	394	175	154	0
*	5p	-	49	2154318	1463139	1489404	2164638	7271499	40812	16485	1616	1794	588	1190	564	1436	377	539	466	2049	491	394	246	273	457	424	139	149	0
*	5p	-	50	2065424	1413222	1439960	2069893	6988499	39710	16041	1562	1820	539	1150	575	1414	430	538	429	1929	482	420	199	269	421	396	134	159	0
*	5p	-	51	1988225	1364864	1372147	1993789	6719025	37498	15713	1560	1777	522	1118	564	1407	493	511	473	1916	462	375	178	276	424	370	139	168	0
*	5p	-	52	1915936	1313652	1309518	1929299	6468405	36516	15032	1491	1676	476	1050	483	1331	405	467	424	1694	449	375	215	261	404	369	115	138	0
*	5p	-	53	1846204	1263828	1256404	1866467	6232903	35092	14566	1463	1631	482	1013	507	1240	410	444	390	1619	431	375	203	217	416	332	133	122	0
*	5p	-	54	1777267	1215241	1211457	1806613	6010578	33903	13900	1305	1464	474	936	456	1230	335	436	382	1611	433	303	187	234	386	363	136	122	0
*	5p	-	55	1715317	1172100	1165347	1745564	5798328	32981	13250	1396	1542	499	938	470	1220	416	441	415	1631	403	302	156	221	361	358	124	127	0
*	5p	-	56	1665019	1125383	1128773	1674320	5593495	32040	12965	1373	1524	520	1010	494	1151	371	459	398	1570	379	322	172	184	322	299	126	131	0
*	5p	-	57	1604523	1086046	1092031	1613384	5395984	31455	12712	1349	1487	535	1033	534	1252	463	516	428	1557	393	291	175	170	313	326	107	96	0
*	5p	-	58	1546483	1046976	1058298	1552317	5204074	30325	11938	1256	1382	449	849	392	1061	309	386	366	1467	390	293	155	191	316	315	104	107	0
*	5p	-	59	1493909	1006222	1018827	1496858	5015816	29381	11615	1200	1345	425	833	377	1032	257	385	340	1331	372	275	158	202	333	303	118	134	0
*	5p	-	60	1432112	974076	988514	1439958	4834660	28431	11130	1211	1308	451	886	430	1049	354	362	329	1418	385	272	133	197	330	303	103	111	0
*	5p	-	61	1377384	947454	945768	1391776	4662382	27387	10898	1158	1257	404	797	420	973	314	327	330	1332	336	291	161	180	306	265	98	117	0
*	5p	-	62	1333250	914069	908509	1344562	4500390	26679	10537	1038	1191	422	772	394	971	289	344	328	1266	333	310	164	149	296	266	102	99	0
*	5p	-	63	1288974	881035	875006	1303446	4348461	25926	10193	1080	1214	399	822	399	938	286	377	341	1285	302	272	129	149	286	279	91	84	0
*	5p	-	64	1248650	849800	846030	1260692	4205172	25731	9764	1030	1118	396	746	346	923	252	326	310	1160	285	253	140	149	261	264	107	83	0
*	5p	-	65	1209679	817543	816162	1218402	4061786	24677	9368	970	1133	379	737	339	896	261	329	275	1117	299	261	145	161	253	255	99	94	0
*	5p	-	66	1170257	786613	791537	1176993	3925400	23598	9177	917	1096	382	712	333	907	248	320	285	1098	326	240	135	152	278	253	88	82	0
*	5p	-	67	1132456	758612	766622	1135839	3793529	22792	8752	976	1053	296	707	322	835	230	300	243	1049	294	223	137	161	254	232	89	80	0
*	5p	-	68	1095346	732245	745869	1092365	3665825	22230	8388	917	1032	345	640	321	841	264	295	230	1073	308	227	109	139	275	236	69	91	0
*	5p	-	69	1058793	705184	723500	1053658	3541135	21436	8143	855	936	298	628	300	800	217	276	238	962	237	208	105	141	246	236	79	87	0
*	5p	-	70	1021839	684310	694677	1019898	3420724	20669	7702	894	936	315	642	306	789	272	344	263	995	242	208	120	116	269	207	74	86	0
