# table produced by mapDamage version 2.0.8-dirty
# using mapped file aln-se3.bam and /willerslev/users-shared/science-snm-willerslev-vrb229/data/Hg19/hs.build37.1.fa as reference file
# Chr: reference from sam/bam header, End: from which termini of DNA sequences, Std: strand of reads
Chr	End	Std	Pos	A	C	G	T	Total	G>A	C>T	A>G	T>C	A>C	A>T	C>G	C>A	T>G	T>A	G>C	G>T	A>-	T>-	C>-	G>-	->A	->T	->C	->G	S
*	3p	+	1	30829	18301	19391	47537	116058	397	4133	135	87	34	164	70	237	109	268	34	124	0	0	0	0	0	0	0	0	0
*	3p	+	2	35770	21866	20707	37718	116061	140	2991	125	62	28	82	37	111	70	142	33	80	0	0	0	0	0	0	0	0	0
*	3p	+	3	37139	20531	20717	37679	116066	75	1695	109	91	44	67	67	48	85	72	37	63	1	0	0	0	0	0	1	0	0
*	3p	+	4	37495	21591	21599	35378	116063	78	992	79	87	39	53	30	52	36	76	54	79	2	0	0	0	2	2	1	2	0
*	3p	+	5	37070	21436	21886	35658	116050	53	610	44	66	23	56	26	33	29	44	46	63	0	2	2	1	10	3	2	3	0
*	3p	+	6	36901	21663	21360	36094	116018	47	451	60	71	20	43	21	47	22	35	30	52	0	0	1	1	16	10	6	16	0
*	3p	+	7	37178	21747	21239	35803	115967	54	357	61	61	29	46	30	26	29	47	45	57	3	7	15	8	17	27	21	39	0
*	3p	+	8	37356	21906	21382	35299	115943	53	311	65	58	30	45	24	26	29	29	44	52	7	19	8	12	29	25	24	31	0
*	3p	+	9	36856	22301	21427	35377	115961	41	276	48	68	24	44	23	29	32	37	45	64	13	17	10	9	30	25	24	19	0
*	3p	+	10	36952	22161	21432	35438	115983	45	271	47	71	23	56	14	27	20	46	41	58	12	15	11	13	20	13	26	21	0
*	3p	+	11	36515	22676	21539	35257	115987	45	245	37	55	29	66	23	30	19	24	47	62	13	22	20	21	16	24	23	17	0
*	3p	+	12	36483	22572	21680	35259	115994	42	245	34	88	17	56	25	21	23	33	45	63	36	17	18	20	27	10	15	21	0
*	3p	+	13	36724	22185	21678	35397	115984	34	225	50	62	27	50	28	18	23	36	47	57	25	21	16	22	18	23	17	26	0
*	3p	+	14	37139	22280	21683	34869	115971	35	198	59	60	24	44	22	23	22	24	39	60	14	21	14	19	30	13	19	37	0
*	3p	+	15	36996	22470	21604	34876	115946	48	217	43	67	24	32	23	24	19	40	41	49	11	27	17	13	25	20	23	52	0
*	3p	+	16	36882	22376	21592	35124	115974	43	217	58	59	21	24	24	24	29	33	33	32	13	12	12	11	20	32	18	21	0
*	3p	+	17	37222	22492	21211	35054	115979	43	204	55	70	23	32	23	23	25	27	30	47	16	11	4	17	23	33	17	17	0
*	3p	+	18	36809	22690	21422	35074	115995	36	172	53	81	12	53	27	20	28	33	40	59	20	9	9	6	19	24	14	19	0
*	3p	+	19	37026	22631	21394	34916	115967	36	209	40	71	32	40	30	25	22	29	35	48	13	15	6	10	28	31	12	23	0
*	3p	+	20	36758	22721	21518	34973	115970	32	174	37	66	33	46	18	32	22	28	28	40	17	19	10	9	26	26	19	22	0
*	3p	+	21	36595	22905	21624	34858	115982	32	205	40	66	26	53	25	31	25	28	33	49	25	21	5	10	30	25	16	15	0
*	3p	+	22	36961	22728	21277	35006	115972	40	195	62	61	33	30	21	18	24	30	36	43	20	18	8	9	30	25	23	15	0
*	3p	+	23	36837	22717	21503	34922	115979	35	185	54	73	28	41	17	28	35	38	49	50	20	20	11	12	21	30	24	13	0
*	3p	+	24	37286	22300	21698	34695	115979	38	170	57	61	21	38	32	24	26	34	37	39	16	30	15	14	21	29	15	22	0
*	3p	+	25	37086	22434	21650	34789	115959	26	234	49	75	20	54	36	20	30	22	40	43	15	19	13	17	31	26	22	26	0
*	3p	+	26	37217	22504	21707	34542	115970	47	180	51	66	30	44	15	29	16	31	43	43	16	29	6	9	28	30	16	22	0
*	3p	+	27	36944	22639	21606	34793	115982	41	219	58	63	31	42	23	27	12	30	33	54	18	19	13	8	29	24	14	19	0
*	3p	+	28	37063	22728	21506	34661	115958	38	203	47	70	26	38	12	26	18	31	35	47	20	20	9	7	25	34	19	26	0
*	3p	+	29	37198	22736	21507	34515	115956	40	231	55	66	22	39	32	23	17	26	36	47	21	23	7	15	33	34	25	17	0
*	3p	+	30	36559	22979	21580	34844	115962	37	280	55	57	29	31	25	24	17	31	32	60	19	15	8	15	38	28	21	22	0
*	3p	+	31	36426	22890	21330	35315	115961	35	348	63	57	29	35	20	15	14	37	42	38	20	20	9	8	32	22	21	27	0
*	3p	+	32	36920	22825	21230	35021	115996	37	352	54	41	18	41	17	28	21	27	37	37	20	19	8	12	30	19	12	15	0
*	3p	+	33	37468	22531	20895	35111	116005	38	502	47	43	18	43	18	25	20	29	38	56	20	18	3	7	20	17	13	13	0
*	3p	+	34	37519	22286	21107	35088	116000	37	765	51	53	20	39	28	34	12	27	30	55	20	15	8	5	16	22	14	15	0
*	3p	+	35	36842	22375	20212	36591	116020	37	1387	53	51	20	56	22	24	13	40	40	31	18	9	8	6	16	10	6	10	0
*	3p	+	36	33556	20810	18426	33292	106084	26	1297	42	60	20	32	23	27	13	25	41	42	13	13	8	3	16	11	7	5	0
*	3p	+	37	30491	19110	17197	30305	97103	43	1103	38	50	17	32	14	28	9	25	16	38	18	9	5	4	7	6	5	3	0
*	3p	+	38	27765	17782	15805	27707	89059	28	976	44	40	10	24	14	13	11	13	27	36	14	14	8	6	12	4	2	2	0
*	3p	+	39	25257	16367	14848	25441	81913	31	836	35	49	14	16	8	21	11	20	25	37	9	7	1	4	9	8	3	3	0
*	3p	+	40	23277	15303	13822	23053	75455	24	779	30	40	17	32	8	20	8	13	32	30	7	9	2	5	8	8	4	3	0
*	3p	+	41	21306	14487	12898	21033	69724	23	665	31	47	13	26	11	17	8	25	21	32	6	15	6	3	5	9	4	6	0
*	3p	+	42	19781	13411	11929	19349	64470	19	615	24	32	15	14	5	13	9	13	26	31	11	10	6	8	3	3	6	3	0
*	3p	+	43	18391	12396	11276	17653	59716	16	497	22	27	11	25	10	13	2	10	17	13	12	3	3	6	2	2	3	2	0
*	3p	+	44	16969	11497	10514	16480	55460	13	400	18	31	13	12	12	6	3	15	19	22	9	5	3	6	3	1	0	2	0
*	3p	+	45	15936	10679	9992	15120	51727	9	327	22	24	8	13	10	9	12	13	19	22	9	6	4	4	2	0	0	2	0
*	3p	+	46	14793	10171	9210	14161	48335	7	296	14	24	12	12	8	14	7	10	19	22	7	10	2	2	2	1	0	1	0
*	3p	+	47	14083	9534	8725	12909	45251	20	208	14	17	8	13	7	16	6	7	6	25	6	3	4	2	3	1	4	2	0
*	3p	+	48	13084	9084	8300	11996	42464	15	195	16	23	5	18	6	10	5	11	13	20	7	7	2	6	2	3	1	1	0
*	3p	+	49	12312	8456	7964	11327	40059	3	180	18	27	8	7	4	12	2	4	11	26	4	5	1	2	2	2	0	0	0
*	3p	+	50	11610	7900	7487	10647	37644	11	137	7	19	14	9	6	1	4	6	11	17	2	2	0	1	4	1	0	1	0
*	3p	+	51	10922	7453	7017	10036	35428	10	137	16	11	7	9	6	9	3	4	13	23	0	4	2	3	1	2	0	2	0
*	3p	+	52	9941	7243	6625	9425	33234	22	111	14	28	6	15	3	7	7	10	10	13	5	2	3	0	4	0	3	1	0
*	3p	+	53	9473	6773	6260	8683	31189	10	96	13	19	8	8	13	10	7	5	13	19	3	1	2	3	1	0	2	2	0
*	3p	+	54	9034	6253	5856	8236	29379	9	82	15	18	4	7	3	13	3	5	9	9	0	2	1	0	2	2	1	1	0
*	3p	+	55	8481	5929	5538	7684	27632	4	64	10	15	5	6	4	7	5	3	9	16	2	2	2	1	2	1	0	0	0
*	3p	+	56	7888	5681	5162	7308	26039	7	56	13	7	8	3	9	7	6	6	8	11	0	5	3	1	1	2	0	2	0
*	3p	+	57	7452	5355	5011	6685	24503	5	47	16	11	3	4	8	7	6	2	6	16	5	1	1	1	1	1	0	1	0
*	3p	+	58	6961	4960	4686	6450	23057	8	42	7	9	7	2	5	4	2	4	7	6	2	0	1	0	1	2	1	0	0
*	3p	+	59	6418	4786	4350	6193	21747	6	23	6	16	3	6	3	7	3	0	4	9	1	3	1	1	2	0	0	1	0
*	3p	+	60	6109	4360	4170	5778	20417	7	39	8	16	4	3	2	9	3	4	8	7	1	1	3	0	0	1	0	1	0
*	3p	+	61	5743	4180	3893	5376	19192	9	38	5	11	6	4	1	6	0	1	4	10	0	1	0	5	0	1	0	1	0
*	3p	+	62	5475	3980	3582	4930	17967	3	27	7	14	5	6	6	3	2	0	9	20	2	1	1	0	2	1	1	0	0
*	3p	+	63	5065	3657	3327	4666	16715	10	31	10	8	3	5	3	8	3	2	4	11	1	0	0	0	2	0	0	0	0
*	3p	+	64	4694	3436	3243	4274	15647	3	24	6	9	1	5	4	8	5	2	1	6	2	0	2	0	1	1	0	0	0
*	3p	+	65	4404	3151	3018	4093	14666	6	24	9	10	2	2	5	2	1	2	4	3	1	0	0	1	0	1	1	0	0
*	3p	+	66	4066	3004	2824	3837	13731	1	23	6	11	3	4	4	1	1	1	7	8	0	0	2	0	1	1	0	0	0
*	3p	+	67	3871	2762	2595	3579	12807	5	21	8	8	4	2	5	2	3	3	6	8	1	0	0	0	0	1	0	0	0
*	3p	+	68	3667	2616	2356	3321	11960	4	13	2	3	0	2	3	3	2	1	1	6	1	0	1	0	0	0	0	0	0
*	3p	+	69	3399	2483	2286	2943	11111	2	18	1	3	2	0	2	2	2	5	3	10	1	0	1	1	0	0	0	0	0
*	3p	+	70	3129	2223	2066	2925	10343	3	17	4	4	0	1	1	4	4	2	2	5	1	0	1	1	0	0	0	0	0
*	3p	-	1	30832	18555	19925	47398	116710	393	4094	165	89	32	119	96	249	113	284	86	114	0	0	0	0	0	0	0	0	0
*	3p	-	2	36092	22130	20731	37755	116708	177	3008	134	52	24	67	47	92	69	130	53	87	0	0	0	0	3	1	0	2	0
*	3p	-	3	37490	20822	20873	37517	116702	88	1578	134	80	32	68	58	47	89	48	57	81	1	0	1	0	0	6	1	4	0
*	3p	-	4	37568	21730	22001	35390	116689	91	938	77	76	26	45	24	61	41	77	48	70	0	3	0	2	11	6	7	6	0
*	3p	-	5	37254	21768	22148	35508	116678	70	647	62	81	33	43	22	34	27	51	52	56	0	9	0	1	22	15	4	2	0
*	3p	-	6	37579	21970	21575	35516	116640	59	435	51	57	23	34	32	30	26	50	58	63	7	12	4	5	30	31	9	15	0
*	3p	-	7	37294	22039	21317	35939	116589	78	377	57	86	24	38	19	31	18	37	41	71	16	15	9	6	44	37	18	35	0
*	3p	-	8	37439	22132	21733	35299	116603	97	272	57	67	24	33	15	28	31	35	46	46	20	12	8	5	36	27	18	25	0
*	3p	-	9	36974	22666	21726	35268	116634	54	272	45	77	32	41	20	30	28	26	39	58	33	23	12	16	34	16	23	12	0
*	3p	-	10	36957	22493	21858	35317	116625	60	254	37	73	24	35	18	27	12	40	62	58	24	30	19	31	31	24	19	23	0
*	3p	-	11	36845	22629	21683	35487	116644	39	236	37	85	24	63	22	25	16	28	47	57	37	31	17	24	27	17	16	21	0
*	3p	-	12	36778	22883	21774	35193	116628	34	199	45	77	28	49	14	28	17	29	48	57	42	31	22	26	23	34	20	18	0
*	3p	-	13	36979	22374	22061	35211	116625	51	185	50	83	13	56	16	28	20	35	41	59	23	30	10	25	25	36	20	19	0
*	3p	-	14	37212	22420	21971	35022	116625	57	227	38	63	18	53	26	24	26	38	37	60	32	22	10	17	28	28	25	18	0
*	3p	-	15	37458	22403	21657	35110	116628	35	190	42	66	28	35	13	23	20	29	52	49	33	22	6	15	27	26	14	29	0
*	3p	-	16	37024	22597	21587	35414	116622	55	206	33	63	30	47	14	30	32	24	40	61	27	20	13	13	35	30	16	22	0
*	3p	-	17	37365	22735	21452	35067	116619	44	213	36	78	20	37	26	25	15	30	43	48	24	23	7	11	39	31	17	20	0
*	3p	-	18	37336	22511	21630	35147	116624	52	169	53	74	35	42	24	29	14	27	41	40	27	19	8	11	26	29	20	24	0
*	3p	-	19	36975	22770	21631	35238	116614	53	244	46	76	31	38	22	32	18	26	43	45	24	22	6	10	29	25	19	30	0
*	3p	-	20	36894	23043	21532	35150	116619	46	176	40	69	17	39	20	34	20	42	49	44	20	18	11	7	30	21	22	29	0
*	3p	-	21	36614	23012	21827	35171	116624	52	182	70	81	15	30	25	35	34	39	29	44	26	19	6	8	37	21	20	17	0
*	3p	-	22	36830	22923	21737	35138	116628	46	167	51	75	21	31	33	29	15	32	44	44	25	21	11	13	22	25	26	19	0
*	3p	-	23	36882	22872	21484	35383	116621	39	167	49	61	26	30	29	28	35	32	41	44	21	18	7	10	36	32	14	26	0
*	3p	-	24	37198	22484	22092	34862	116636	58	171	49	77	24	36	17	18	37	18	26	45	22	23	9	11	24	27	19	18	0
*	3p	-	25	37082	22662	21771	35121	116636	47	155	59	77	22	35	15	25	27	21	34	38	15	22	15	13	19	23	22	27	0
*	3p	-	26	37227	22665	21954	34780	116626	53	185	46	72	37	31	22	41	18	21	30	44	16	17	6	10	28	28	22	23	0
*	3p	-	27	37374	22718	21570	34973	116635	58	194	38	62	27	30	32	28	23	26	32	46	14	20	7	8	24	24	20	26	0
*	3p	-	28	37120	23063	21470	34987	116640	52	206	47	54	20	50	21	31	15	29	33	63	17	18	6	11	13	27	19	30	0
*	3p	-	29	37437	22945	21671	34598	116651	43	237	45	50	31	38	32	24	22	36	29	55	17	14	9	15	22	13	22	18	0
*	3p	-	30	37021	22942	21575	35108	116646	47	254	47	72	18	24	21	26	22	33	36	47	24	15	7	12	24	22	21	17	0
*	3p	-	31	37323	22886	21387	35048	116644	43	270	51	72	19	37	21	25	22	39	28	53	11	15	12	8	21	14	28	17	0
*	3p	-	32	37131	22832	21428	35264	116655	71	369	51	67	14	33	14	19	18	34	37	45	14	8	12	16	17	17	20	13	0
*	3p	-	33	38043	22361	21347	34936	116687	52	445	42	59	25	28	9	23	22	25	40	37	13	10	8	18	9	14	6	7	0
*	3p	-	34	37540	22589	21337	35223	116689	52	774	65	55	20	40	19	26	22	30	33	40	10	14	6	11	9	9	9	5	0
*	3p	-	35	37167	22486	20228	36811	116692	53	1367	55	68	33	43	16	24	19	30	35	57	8	15	6	7	7	5	6	12	0
*	3p	-	36	33660	20835	18728	33595	106818	53	1235	38	50	23	35	16	20	13	28	22	41	12	8	6	4	10	6	4	7	0
*	3p	-	37	30752	19271	17347	30418	97788	43	1108	43	50	23	32	18	23	18	21	25	37	8	7	6	3	5	5	4	7	0
*	3p	-	38	27971	17979	16092	27696	89738	40	987	33	47	19	22	17	24	13	20	19	36	6	10	2	6	7	9	2	2	0
*	3p	-	39	25761	16737	14909	25160	82567	38	802	33	47	16	25	13	21	12	24	16	26	7	4	7	2	5	3	0	4	0
*	3p	-	40	23569	15558	14065	23020	76212	62	705	29	29	13	23	22	21	10	28	26	28	6	4	0	8	5	3	5	2	0
*	3p	-	41	21712	14418	13103	21169	70402	62	662	37	31	10	22	17	16	8	20	25	23	3	5	3	2	5	4	2	1	0
*	3p	-	42	19828	13561	12365	19423	65177	36	615	18	28	7	19	11	12	6	15	23	30	3	4	3	2	3	0	2	4	0
*	3p	-	43	18452	12501	11441	17907	60301	19	474	39	42	15	22	11	15	14	16	13	18	4	6	0	3	0	1	0	2	0
*	3p	-	44	17203	11562	10744	16541	56050	21	369	30	34	7	21	12	15	6	12	18	23	3	5	4	5	1	1	1	0	0
*	3p	-	45	15960	10944	10106	15273	52283	17	305	17	26	5	18	8	13	5	9	12	25	8	6	2	2	2	3	0	1	0
*	3p	-	46	15246	10260	9394	14090	48990	45	298	12	21	8	9	9	17	9	16	20	22	3	3	2	3	0	1	0	3	0
*	3p	-	47	14166	9532	9098	13088	45884	47	258	20	25	9	8	5	9	3	7	16	18	3	5	1	3	2	1	1	2	0
*	3p	-	48	13386	8962	8385	12300	43033	22	199	17	26	9	8	5	9	3	11	13	15	5	5	0	4	1	0	0	1	0
*	3p	-	49	12445	8645	7752	11517	40359	13	157	14	22	6	10	6	13	4	6	9	20	2	2	0	0	1	0	2	0	0
*	3p	-	50	11689	8060	7566	10573	37888	8	142	16	18	3	10	4	4	5	4	8	23	0	1	2	4	1	0	0	0	0
*	3p	-	51	10804	7750	6905	10149	35608	12	142	17	21	6	9	9	11	9	3	7	9	3	3	3	2	1	1	0	0	0
*	3p	-	52	10150	7242	6520	9473	33385	15	103	15	18	7	6	6	9	3	2	17	14	2	1	0	2	0	0	1	1	0
*	3p	-	53	9521	6906	6181	8723	31331	10	82	9	17	6	4	5	13	4	2	7	16	1	1	1	1	2	1	0	1	0
*	3p	-	54	8877	6404	5917	8279	29477	10	84	9	8	7	8	4	12	5	4	6	16	2	4	3	0	1	0	0	0	0
*	3p	-	55	8311	6026	5634	7889	27860	11	90	21	11	6	8	6	10	5	4	7	17	1	4	2	1	2	2	1	0	0
*	3p	-	56	8093	5688	5197	7307	26285	8	61	18	11	4	4	4	9	1	8	7	14	1	1	2	2	2	1	0	0	0
*	3p	-	57	7515	5393	4913	6953	24774	11	63	15	18	8	4	4	14	7	4	13	13	2	1	0	0	0	0	0	1	0
*	3p	-	58	7077	5011	4724	6528	23340	5	36	7	7	4	5	6	10	4	6	8	13	2	2	0	3	1	0	0	0	0
*	3p	-	59	6622	4744	4467	6238	22071	4	35	8	14	7	5	2	8	2	5	5	13	2	0	1	1	0	0	0	0	0
*	3p	-	60	6266	4548	4209	5754	20777	4	40	8	13	4	7	7	4	4	4	10	11	2	1	0	1	0	0	0	0	0
*	3p	-	61	5950	4316	3833	5463	19562	7	33	6	10	6	3	8	7	5	5	7	7	1	0	0	1	0	0	0	0	0
*	3p	-	62	5651	3994	3672	5047	18364	10	40	8	8	5	6	5	5	2	3	4	9	0	0	0	1	0	0	0	1	0
*	3p	-	63	5232	3785	3464	4741	17222	5	47	6	7	5	1	4	5	4	3	2	5	0	0	1	1	0	1	0	0	0
*	3p	-	64	4849	3498	3217	4555	16119	2	26	6	5	4	2	5	3	5	3	5	9	1	2	3	0	0	0	0	0	0
*	3p	-	65	4666	3239	3092	4155	15152	2	29	8	11	2	1	1	3	6	0	4	7	2	0	0	0	0	0	0	1	0
*	3p	-	66	4305	3029	2910	3927	14171	4	19	6	6	4	3	3	2	6	2	3	7	0	0	0	1	0	0	0	0	0
*	3p	-	67	3955	2906	2725	3657	13243	5	16	7	3	3	4	3	3	2	3	5	5	0	1	0	0	0	0	0	0	0
*	3p	-	68	3739	2723	2433	3428	12323	8	19	9	8	3	2	3	3	3	1	3	6	1	0	0	0	0	0	0	0	0
*	3p	-	69	3569	2453	2342	3082	11446	5	18	5	3	4	4	2	2	1	1	5	4	1	0	0	0	1	1	0	0	0
*	3p	-	70	3190	2270	2155	2955	10570	5	16	1	8	3	0	4	3	1	1	5	4	2	0	0	0	0	0	0	0	0
*	5p	+	1	32067	22399	14167	47329	115962	52	4949	78	73	46	85	19	37	25	65	28	66	0	0	0	0	0	0	0	0	0
*	5p	+	2	39065	22119	22643	32211	116038	50	2391	87	42	41	57	20	47	28	37	25	39	0	0	0	0	6	2	1	4	0
*	5p	+	3	39720	23317	18572	34362	115971	46	1254	48	61	26	48	27	42	29	43	26	28	2	2	1	0	8	4	6	6	0
*	5p	+	4	39463	22035	19622	34892	116012	37	858	55	47	26	39	22	36	17	30	37	43	3	5	1	2	15	12	16	8	0
*	5p	+	5	36429	23059	21245	35234	115967	33	612	60	49	30	32	18	27	18	27	36	43	11	9	5	5	21	21	23	27	0
*	5p	+	6	36395	22383	21297	35880	115955	35	412	47	58	21	44	20	20	23	25	40	40	5	10	4	14	33	32	22	24	0
*	5p	+	7	37062	22773	21628	34501	115964	37	346	42	54	25	25	27	38	16	45	47	53	13	20	7	11	37	29	13	28	0
*	5p	+	8	36984	22745	22765	33473	115967	39	290	54	53	27	39	33	28	22	23	42	51	16	7	10	11	34	23	25	19	0
*	5p	+	9	37125	22648	21087	35109	115969	34	304	47	57	35	41	26	28	16	26	29	40	22	12	10	6	33	20	22	22	0
*	5p	+	10	36266	23174	21680	34831	115951	39	240	70	69	27	47	23	28	12	28	36	51	28	18	12	4	28	41	18	22	0
*	5p	+	11	36296	23362	21128	35194	115980	31	218	44	68	19	42	17	21	16	21	38	45	14	17	7	12	28	22	17	24	0
*	5p	+	12	36622	23123	21636	34580	115961	43	271	59	66	24	39	23	32	13	27	40	43	14	15	11	6	36	32	22	17	0
*	5p	+	13	37202	22741	21373	34652	115968	31	204	43	57	24	35	20	22	20	36	35	44	26	12	17	7	26	31	27	20	0
*	5p	+	14	37217	22555	21657	34552	115981	48	210	52	81	31	41	14	25	24	27	40	58	16	27	8	17	18	25	17	19	0
*	5p	+	15	37120	22804	21626	34437	115987	29	207	61	73	27	47	21	25	19	32	35	48	26	24	7	8	19	35	11	15	0
*	5p	+	16	36959	22533	21520	34969	115981	38	197	59	59	32	48	30	27	15	29	44	52	25	20	12	17	34	20	22	12	0
*	5p	+	17	36966	22682	21614	34706	115968	40	189	44	66	29	37	30	25	17	34	34	56	31	25	6	15	30	27	17	25	0
*	5p	+	18	37091	22474	22022	34390	115977	33	173	54	71	24	42	24	26	23	25	44	56	24	18	15	11	25	28	18	18	0
*	5p	+	19	36787	22857	21509	34820	115973	41	188	58	61	30	33	22	26	26	26	28	51	20	19	12	11	27	26	16	29	0
*	5p	+	20	36893	22791	21368	34914	115966	41	194	45	81	23	47	25	20	27	34	38	48	15	26	13	18	31	31	18	19	0
*	5p	+	21	36846	22449	21492	35181	115968	36	183	56	66	21	35	28	15	27	30	43	41	25	26	10	9	26	28	18	23	0
*	5p	+	22	36793	22479	21393	35315	115980	35	175	49	62	26	37	22	24	31	37	41	64	14	18	8	13	27	25	16	18	0
*	5p	+	23	36984	22585	21333	35062	115964	37	198	40	56	32	40	21	25	27	36	44	54	19	20	9	13	21	36	26	21	0
*	5p	+	24	36724	22471	21600	35183	115978	38	163	61	50	22	31	26	18	28	29	32	58	22	19	16	12	23	21	17	21	0
*	5p	+	25	36650	22486	21702	35159	115997	41	201	36	64	21	38	33	20	21	25	31	55	12	10	8	8	23	17	16	13	0
*	5p	+	26	36852	22437	21799	34887	115975	36	186	42	65	19	39	20	18	20	26	36	44	16	14	7	15	22	18	24	32	0
*	5p	+	27	37139	22259	21687	34893	115978	41	212	58	72	28	44	22	25	16	29	32	50	16	25	14	9	32	23	14	18	0
*	5p	+	28	36690	22251	21853	35183	115977	40	199	42	66	17	37	20	33	19	35	39	46	23	19	7	21	25	20	27	20	0
*	5p	+	29	36753	22375	21520	35326	115974	26	260	52	70	27	44	18	22	21	36	34	54	10	13	15	6	13	22	30	28	0
*	5p	+	30	36855	22561	21260	35308	115984	44	272	39	57	26	39	14	27	18	31	26	43	10	18	14	14	20	32	10	17	0
*	5p	+	31	36757	22380	21403	35469	116009	47	303	51	61	19	44	25	34	20	34	32	52	11	19	9	11	12	24	6	20	0
*	5p	+	32	37541	21842	21238	35399	116020	35	399	54	74	17	47	18	21	19	35	38	40	14	17	12	8	17	12	12	10	0
*	5p	+	33	37282	21771	21357	35621	116031	34	524	50	74	31	54	23	20	20	32	23	62	12	15	9	10	12	7	8	7	0
*	5p	+	34	37133	21793	20796	36310	116032	55	860	69	71	18	59	27	31	23	47	34	55	5	13	5	7	9	5	5	13	0
*	5p	+	35	36076	21511	20567	37884	116038	73	1463	55	69	19	51	26	33	34	67	34	70	17	12	6	6	12	3	4	4	0
*	5p	+	36	32658	20094	19296	34061	106109	73	1239	52	55	16	50	22	49	27	51	43	68	8	14	3	12	4	2	8	10	0
*	5p	+	37	29982	18529	17712	30897	97120	52	1113	46	47	22	56	22	40	27	36	39	51	10	9	5	5	3	2	2	7	0
*	5p	+	38	27780	16993	16397	27893	89063	63	1037	55	46	11	39	16	33	16	39	37	41	10	8	2	3	5	5	2	9	0
*	5p	+	39	25215	16033	15403	25274	81925	58	844	35	46	17	38	17	34	14	24	25	44	5	6	4	2	6	7	0	4	0
*	5p	+	40	23232	14952	13882	23404	75470	44	802	47	37	16	32	22	21	26	36	28	44	8	3	3	6	2	4	2	2	0
*	5p	+	41	21162	13873	13313	21388	69736	43	666	41	39	9	21	23	30	23	24	27	40	6	7	7	2	4	2	0	6	0
*	5p	+	42	19673	12878	12029	19902	64482	44	652	29	44	7	33	17	20	15	28	21	36	7	10	3	5	6	1	0	3	0
*	5p	+	43	18240	11774	11285	18419	59718	50	504	39	37	8	29	11	29	19	36	19	35	8	5	4	3	2	0	1	5	0
*	5p	+	44	16665	11279	10758	16757	55459	25	419	32	38	7	21	12	26	14	32	19	33	7	8	1	5	3	2	1	4	0
*	5p	+	45	15684	10565	9996	15481	51726	34	409	28	28	5	31	11	21	16	17	25	32	3	3	4	4	0	2	1	5	0
*	5p	+	46	14580	9873	9405	14479	48337	26	304	26	23	6	27	11	13	11	23	20	27	1	6	4	6	1	1	2	2	0
*	5p	+	47	13717	9393	8963	13180	45253	37	274	23	21	11	21	8	22	9	20	21	27	2	5	2	3	3	2	0	3	0
*	5p	+	48	12951	8640	8468	12415	42474	22	222	26	30	5	13	18	13	9	26	21	15	3	6	3	2	1	1	1	2	0
*	5p	+	49	12138	8399	7937	11586	40060	19	195	17	28	9	16	8	16	14	22	18	15	3	2	3	1	2	0	0	4	0
*	5p	+	50	11326	7903	7462	10955	37646	23	132	9	28	9	17	5	20	11	16	13	17	3	1	1	4	2	1	1	4	0
*	5p	+	51	10682	7388	7079	10287	35436	28	156	21	26	6	15	4	18	21	15	17	20	2	5	3	2	1	1	0	3	0
*	5p	+	52	10107	6914	6677	9542	33240	22	106	17	24	6	11	13	16	6	21	18	25	3	4	1	2	3	1	1	5	0
*	5p	+	53	9408	6446	6250	9090	31194	21	94	17	18	9	11	6	14	13	18	11	27	6	1	0	0	3	0	0	1	0
*	5p	+	54	8848	6137	5947	8450	29382	17	89	5	18	5	8	7	15	13	9	12	15	8	1	2	2	2	0	0	2	0
*	5p	+	55	8222	5725	5671	8021	27639	22	91	12	13	11	6	7	19	10	11	14	13	5	2	0	0	0	0	0	0	0
*	5p	+	56	7824	5322	5383	7509	26038	19	60	6	8	6	11	8	7	8	7	6	7	2	1	1	1	4	1	2	1	0
*	5p	+	57	7246	5126	5133	7004	24509	22	50	10	12	5	4	10	8	10	15	7	12	1	5	4	2	2	0	0	2	0
*	5p	+	58	6957	4837	4773	6491	23058	15	45	10	15	5	7	4	19	7	9	8	14	1	4	4	3	1	0	1	1	0
*	5p	+	59	6535	4536	4524	6153	21748	7	46	4	16	3	2	5	13	6	7	10	6	0	2	2	2	0	1	0	0	0
*	5p	+	60	6024	4256	4256	5881	20417	11	38	17	12	5	11	7	10	6	13	7	13	2	4	0	2	5	0	0	0	0
*	5p	+	61	5736	4117	3839	5505	19197	14	30	13	9	2	4	9	7	7	3	12	7	2	3	1	2	2	1	0	0	0
*	5p	+	62	5345	3696	3682	5250	17973	19	30	14	16	5	3	4	9	10	9	4	9	3	2	1	2	1	0	0	0	0
*	5p	+	63	5047	3538	3413	4719	16717	12	28	4	10	0	7	5	9	4	8	7	15	0	0	2	1	1	0	0	1	0
*	5p	+	64	4728	3256	3176	4496	15656	12	23	7	7	8	6	4	8	8	5	2	6	1	0	0	0	2	0	0	0	0
*	5p	+	65	4331	3102	2972	4264	14669	15	19	10	10	8	6	2	11	4	9	7	9	0	0	0	0	0	0	0	1	0
*	5p	+	66	4137	2867	2819	3914	13737	12	16	6	3	4	4	4	8	3	4	3	11	2	1	0	0	0	1	0	0	0
*	5p	+	67	3832	2700	2637	3639	12808	8	17	5	7	3	6	4	9	4	3	5	12	2	0	2	1	0	0	0	1	0
*	5p	+	68	3648	2499	2458	3356	11961	12	17	9	5	5	3	8	9	3	8	4	11	3	0	2	1	0	0	0	1	0
*	5p	+	69	3320	2359	2339	3093	11111	10	13	5	6	2	3	5	8	6	6	3	7	1	2	2	1	1	0	0	0	0
*	5p	+	70	3031	2186	2181	2948	10346	8	15	3	4	4	6	2	4	5	0	4	9	2	0	0	1	0	0	0	0	0
*	5p	-	1	32528	22482	14342	47288	116640	67	4780	77	105	46	85	24	59	34	54	37	57	0	0	0	0	0	0	0	0	0
*	5p	-	2	39250	22401	22846	32214	116711	59	2421	94	44	30	67	29	44	24	44	24	35	0	0	0	0	0	0	0	0	0
*	5p	-	3	40096	23323	18745	34495	116659	44	1233	59	61	36	28	16	25	16	59	27	23	0	0	0	0	0	0	0	0	0
*	5p	-	4	40187	22061	19611	34862	116721	59	921	56	40	25	42	17	21	17	38	30	57	0	0	0	0	0	2	1	0	0
*	5p	-	5	36687	23017	21390	35539	116633	46	586	49	47	22	40	23	28	18	31	41	41	3	5	3	9	27	17	15	24	0
*	5p	-	6	36684	22472	21569	35917	116642	41	433	42	51	26	35	23	27	34	29	36	46	5	6	7	12	14	25	21	27	0
*	5p	-	7	36832	23093	22015	34714	116654	41	372	56	59	34	40	28	29	25	34	36	52	4	10	3	8	22	11	23	17	0
*	5p	-	8	37642	22529	22666	33810	116647	47	267	63	62	34	35	28	21	19	43	37	49	12	6	8	13	14	18	17	27	0
*	5p	-	9	37689	22740	21365	34857	116651	43	275	45	55	17	34	22	26	25	32	32	42	10	5	2	8	22	18	13	21	0
*	5p	-	10	36906	23237	21991	34514	116648	57	221	49	69	36	31	30	29	23	23	42	44	6	12	9	6	9	20	26	23	0
*	5p	-	11	36315	23596	21550	35190	116651	30	213	41	64	18	37	12	23	30	31	41	53	12	13	9	5	14	23	19	18	0
*	5p	-	12	36848	23163	21968	34677	116656	49	191	35	71	22	32	21	27	50	24	26	37	10	14	10	8	18	16	21	19	0
*	5p	-	13	37035	22799	21546	35247	116627	43	217	53	49	17	26	17	22	31	29	34	53	11	12	7	5	27	26	19	25	0
*	5p	-	14	36829	23246	21773	34779	116627	44	194	50	71	33	33	24	37	19	29	29	49	16	22	9	10	19	34	24	26	0
*	5p	-	15	37357	22787	21590	34891	116625	45	235	45	67	26	35	23	21	24	27	27	47	14	18	11	14	23	22	30	19	0
*	5p	-	16	37349	22585	21823	34880	116637	48	193	55	63	17	44	19	25	23	30	45	45	15	22	11	5	23	25	22	21	0
*	5p	-	17	36955	22679	21938	35054	116626	40	202	55	68	28	36	25	31	16	36	36	42	18	25	5	11	26	18	27	29	0
*	5p	-	18	37382	22753	21794	34700	116629	76	178	59	61	28	27	30	35	21	32	31	46	19	24	5	12	28	25	22	25	0
*	5p	-	19	37028	22709	21842	35056	116635	46	206	67	62	30	44	20	27	11	27	41	47	20	10	11	14	21	29	18	21	0
*	5p	-	20	36808	23148	21591	35101	116648	62	201	55	81	31	38	20	24	17	32	45	60	22	14	12	9	25	25	8	20	0
*	5p	-	21	37082	23066	21500	34984	116632	42	177	50	72	26	35	22	30	26	30	34	41	27	27	14	11	32	24	17	23	0
*	5p	-	22	36637	22951	21478	35571	116637	51	188	44	70	23	39	29	26	25	35	32	39	22	13	12	9	24	24	17	23	0
*	5p	-	23	37043	22723	21645	35212	116623	62	176	53	81	26	36	28	25	28	34	35	39	17	20	7	15	35	24	21	25	0
*	5p	-	24	36985	22797	21620	35230	116632	68	164	48	59	21	29	18	29	18	41	38	44	27	20	5	18	31	28	16	16	0
*	5p	-	25	37013	22493	21786	35341	116633	42	182	47	73	18	33	27	19	22	32	43	56	17	21	6	13	25	24	13	24	0
*	5p	-	26	37195	22610	21735	35072	116612	52	165	49	82	17	48	20	27	20	29	27	47	29	22	9	10	31	23	21	32	0
*	5p	-	27	37234	22371	21900	35112	116617	52	197	46	66	21	32	19	22	19	22	50	52	37	16	7	16	37	25	23	20	0
*	5p	-	28	37202	22424	21892	35101	116619	49	203	48	64	29	32	20	30	36	26	36	57	32	27	3	14	32	27	27	18	0
*	5p	-	29	37023	22564	21866	35174	116627	67	237	46	74	19	34	16	29	16	22	33	56	26	26	11	13	25	30	18	17	0
*	5p	-	30	37253	22691	21486	35204	116634	65	246	34	66	22	36	14	19	18	32	39	54	25	19	18	10	28	33	10	22	0
*	5p	-	31	37432	22560	21543	35117	116652	64	302	25	68	12	42	24	26	13	44	49	50	15	20	8	13	32	28	8	7	0
*	5p	-	32	37369	22334	21444	35525	116672	51	388	43	77	19	33	18	33	13	32	42	51	18	25	9	14	20	18	6	12	0
*	5p	-	33	37496	21951	21463	35760	116670	75	484	53	63	17	33	20	38	22	25	36	60	15	13	5	8	19	18	7	8	0
*	5p	-	34	37068	21986	21348	36275	116677	85	892	52	67	21	51	12	30	19	34	31	62	13	21	6	8	11	8	7	10	0
*	5p	-	35	36475	21938	21033	37245	116691	86	1374	60	70	27	44	24	50	20	55	34	59	18	11	10	10	16	10	7	4	0
*	5p	-	36	33139	20102	19440	34135	106816	69	1221	59	61	23	47	16	38	19	48	36	61	17	9	6	7	10	10	7	6	0
*	5p	-	37	30278	18725	18104	30672	97779	89	1147	56	61	18	31	23	38	17	41	35	38	15	12	4	7	18	6	4	5	0
*	5p	-	38	27620	17550	16526	28042	89738	66	981	46	53	16	19	19	37	15	35	28	43	11	13	6	9	11	11	4	2	0
*	5p	-	39	25440	16188	15396	25533	82557	76	875	40	41	10	27	17	19	21	35	33	42	10	10	3	7	14	2	2	4	0
*	5p	-	40	23410	14856	14409	23532	76207	53	702	40	52	9	28	26	34	25	26	36	49	11	3	5	6	14	2	2	4	0
*	5p	-	41	21505	14077	13426	21395	70403	45	716	40	52	21	27	23	33	19	40	37	41	13	5	7	12	7	5	1	5	0
*	5p	-	42	19970	12905	12225	20070	65170	63	597	37	36	12	29	21	34	22	33	31	43	10	6	7	5	10	4	0	2	0
*	5p	-	43	18222	12094	11439	18538	60293	39	536	40	25	11	18	19	26	18	31	18	29	14	5	6	9	8	6	1	1	0
*	5p	-	44	17118	11224	10796	16901	56039	44	401	29	50	10	25	11	30	19	18	25	36	10	13	3	5	6	2	2	0	0
*	5p	-	45	15828	10490	10337	15626	52281	51	361	30	26	11	23	20	19	11	16	22	34	5	11	4	6	5	5	3	3	0
*	5p	-	46	14794	10081	9515	14589	48979	27	293	30	33	7	19	13	20	13	29	15	25	3	4	3	4	4	5	3	1	0
*	5p	-	47	14049	9305	9037	13494	45885	24	223	32	31	9	15	14	19	8	21	26	18	8	5	2	7	4	5	1	1	0
*	5p	-	48	13027	8695	8601	12704	43027	37	203	21	28	7	9	15	26	15	16	20	16	5	3	3	2	4	5	2	1	0
*	5p	-	49	12309	8336	8098	11621	40364	28	146	18	25	5	13	14	11	11	17	18	18	1	2	1	6	3	2	0	0	0
*	5p	-	50	11537	7802	7575	10973	37887	23	124	15	17	10	13	10	19	8	7	17	13	2	4	2	4	2	0	1	0	0
*	5p	-	51	10655	7397	7166	10392	35610	55	107	14	35	7	15	8	18	7	15	18	24	8	7	3	3	1	2	2	1	0
*	5p	-	52	10032	7036	6712	9604	33384	20	99	18	20	6	14	14	18	11	21	17	26	6	5	5	2	0	5	1	2	0
*	5p	-	53	9385	6587	6314	9051	31337	18	98	17	20	8	11	9	17	9	13	18	22	4	7	2	1	1	0	0	1	0
*	5p	-	54	8782	6143	5898	8651	29474	21	76	12	15	3	14	11	13	11	17	14	12	6	8	1	3	0	2	0	1	0
*	5p	-	55	8370	5941	5594	7956	27861	23	83	9	23	4	6	4	13	14	11	8	22	6	6	2	3	3	1	0	0	0
*	5p	-	56	7893	5435	5331	7627	26286	19	57	14	23	6	8	1	13	6	15	10	17	2	3	0	0	0	2	1	2	0
*	5p	-	57	7510	5141	5172	6949	24772	23	66	15	7	8	14	10	18	10	19	12	19	1	5	3	4	3	1	0	0	0
*	5p	-	58	6942	4878	4876	6638	23334	22	39	14	7	5	8	8	11	5	6	13	21	6	3	2	2	2	0	1	0	0
*	5p	-	59	6543	4639	4550	6332	22064	18	46	9	11	3	5	5	12	10	7	9	13	4	1	4	0	5	1	0	0	0
*	5p	-	60	6205	4303	4307	5957	20772	11	26	20	10	5	10	5	9	9	10	9	13	4	3	0	1	0	0	3	0	0
*	5p	-	61	5775	4230	3943	5616	19564	18	43	8	15	6	9	4	8	9	7	7	16	3	3	1	3	0	1	0	2	0
*	5p	-	62	5464	3997	3679	5224	18364	12	32	10	15	5	4	4	7	6	10	13	11	3	4	0	0	1	0	0	0	0
*	5p	-	63	5201	3508	3509	5010	17228	14	33	14	7	9	4	3	7	7	6	16	10	2	1	2	0	0	0	0	0	0
*	5p	-	64	4720	3475	3334	4590	16119	12	19	9	10	5	7	8	7	12	6	6	13	2	0	1	1	1	0	0	1	0
*	5p	-	65	4583	3199	3105	4266	15153	9	26	5	12	3	6	3	9	9	9	6	9	1	1	2	2	1	0	0	0	0
*	5p	-	66	4184	3018	2856	4105	14163	10	14	9	9	3	7	4	8	9	5	8	14	3	2	1	0	0	3	0	1	0
*	5p	-	67	3997	2726	2705	3811	13239	18	19	12	7	0	2	3	7	8	14	2	7	1	1	0	3	0	1	1	0	0
*	5p	-	68	3689	2545	2566	3525	12325	12	18	10	4	2	4	1	6	6	10	7	5	1	2	1	0	0	0	1	0	0
*	5p	-	69	3419	2396	2337	3294	11446	14	15	8	7	5	5	6	6	2	8	1	7	0	1	0	3	0	1	0	0	0
*	5p	-	70	3126	2214	2185	3048	10573	15	15	3	5	1	3	1	9	3	3	5	8	2	1	0	0	0	0	0	0	0
