# table produced by mapDamage version 2.0.8-dirty
# using mapped file cut.sam and /willerslev/users-shared/science-snm-willerslev-vrb229/data/Hg19/hs.build37.1.fa as reference file
# Chr: reference from sam/bam header, End: from which termini of DNA sequences, Std: strand of reads
Chr	End	Std	Pos	A	C	G	T	Total	G>A	C>T	A>G	T>C	A>C	A>T	C>G	C>A	T>G	T>A	G>C	G>T	A>-	T>-	C>-	G>-	->A	->T	->C	->G	S
*	3p	+	1	665140	538868	652004	613842	2469854	54272	1379	1992	2108	508	854	2929	4773	1333	3066	401	1564	0	0	0	0	2	6	3	6	2
*	3p	+	2	529660	577623	631727	730754	2469764	30637	1290	1096	1214	317	545	1407	1734	790	1237	299	1060	1	5	2	3	8	11	7	10	1
*	3p	+	3	739303	468107	538480	723851	2469741	22064	1153	714	1012	288	436	832	1079	416	734	238	693	5	4	6	5	7	11	14	13	1
*	3p	+	4	703641	522271	500897	742937	2469746	18998	1256	672	1003	269	399	596	663	270	287	211	643	9	5	6	11	18	16	10	13	1
*	3p	+	5	699310	527720	482146	760528	2469704	15339	1588	597	898	289	385	763	756	225	266	238	515	10	11	8	9	32	16	13	20	0
*	3p	+	6	700217	537999	490992	740386	2469594	13104	2471	573	763	269	335	1015	700	209	214	197	487	17	19	18	11	49	38	38	25	0
*	3p	+	7	719864	526979	503978	718544	2469365	11868	2969	595	774	262	286	926	706	176	211	203	482	33	30	30	34	56	46	29	34	0
*	3p	+	8	697693	554816	515676	701241	2469426	10768	3213	575	759	278	281	935	763	230	202	225	561	41	31	48	48	39	56	40	45	0
*	3p	+	9	691940	570678	526249	680667	2469534	9874	3437	627	703	250	296	827	789	185	201	286	538	42	37	69	49	45	52	24	37	0
*	3p	+	10	673340	569757	551967	674531	2469595	9369	3440	616	682	265	286	753	737	193	162	272	563	47	47	60	69	61	64	32	23	0
*	3p	+	11	697148	548645	556643	667205	2469641	8786	3251	598	651	243	282	673	692	195	187	282	557	53	45	64	63	57	61	35	30	0
*	3p	+	12	700959	552229	560275	656191	2469654	8242	3217	612	662	241	275	600	660	186	172	288	575	51	50	68	62	52	51	26	32	0
*	3p	+	13	680960	561338	570862	656496	2469656	7586	3117	612	626	239	283	576	659	166	181	256	531	52	58	66	55	35	66	30	34	0
*	3p	+	14	679682	553997	559821	676169	2469669	7117	3190	639	653	224	298	570	624	193	143	261	554	44	50	59	67	50	61	24	27	0
*	3p	+	15	682316	554934	555432	676949	2469631	6886	3126	616	671	227	281	532	634	169	154	274	520	73	52	47	52	59	73	33	30	0
*	3p	+	16	672160	561958	544352	691154	2469624	6412	3177	594	685	208	266	506	649	168	163	267	519	79	70	48	58	71	74	31	24	0
*	3p	+	17	673404	571993	535782	688456	2469635	6144	3187	577	649	225	296	516	605	162	160	254	522	86	46	57	51	61	70	32	30	0
*	3p	+	18	662847	584095	539903	682749	2469594	6017	3358	601	663	208	277	495	616	166	155	236	474	95	67	55	67	82	77	37	31	0
*	3p	+	19	660650	587478	547774	673725	2469627	5894	3339	586	654	250	249	458	563	167	160	294	523	90	75	52	63	76	70	39	24	0
*	3p	+	20	657937	581923	564328	665426	2469614	5630	3426	582	668	217	264	464	610	149	153	269	546	95	75	70	64	80	71	43	31	0
*	3p	+	21	672234	561256	575292	660830	2469612	5595	3294	593	619	200	295	418	608	147	162	304	534	86	82	65	48	78	60	34	43	0
*	3p	+	22	686649	548641	575918	658380	2469588	5655	3327	613	592	219	294	410	569	160	161	310	532	95	70	62	55	94	58	40	43	0
*	3p	+	23	693224	548063	576370	651957	2469614	5550	3565	673	568	200	283	409	616	189	157	295	616	122	81	65	69	90	61	38	42	0
*	3p	+	24	674996	563521	568500	662571	2469588	5296	3705	593	602	204	263	425	576	177	168	325	604	98	98	71	84	96	67	31	48	0
*	3p	+	25	675651	558281	563911	671741	2469584	5199	3777	567	633	214	242	421	601	154	140	331	538	96	88	66	93	100	81	29	38	0
*	3p	+	26	675186	563944	558590	671859	2469579	5143	4082	595	591	215	247	374	560	164	158	327	545	96	70	71	85	93	79	31	35	0
*	3p	+	27	663594	569641	552267	684086	2469588	4922	4636	584	644	232	311	436	579	165	146	383	571	104	82	82	77	82	85	25	43	0
*	3p	+	28	675230	562699	541279	690365	2469573	4808	5023	590	615	224	269	402	571	188	165	425	567	98	70	76	72	94	73	24	54	0
*	3p	+	29	681028	566311	554465	667774	2469578	4779	5558	646	619	210	263	394	535	190	141	417	627	94	95	73	89	94	77	36	39	0
*	3p	+	30	679436	555973	577185	657013	2469607	4884	6438	654	600	235	247	403	594	184	165	492	694	110	94	91	99	84	67	35	44	0
*	3p	+	31	673737	530288	570623	657092	2431740	4732	6553	706	578	247	273	346	612	178	173	538	702	107	95	72	100	107	67	44	46	0
*	3p	+	32	681052	515849	552284	644223	2393408	4610	6760	639	590	191	286	352	535	171	153	530	662	102	93	93	84	95	69	34	46	0
*	3p	+	33	673909	507544	526501	646055	2354009	4461	7273	699	568	241	298	340	517	166	165	530	628	107	80	78	86	81	61	25	26	0
*	3p	+	34	663395	502074	511455	634921	2311845	4360	7306	638	559	214	292	344	497	180	147	500	646	112	72	93	95	73	72	29	35	0
*	3p	+	35	647519	495138	497594	626753	2267004	4101	7636	634	585	183	257	306	490	169	161	504	625	110	91	69	90	98	61	30	34	0
*	3p	+	36	619978	497728	484318	616869	2218893	3908	8087	618	565	197	252	316	495	169	131	492	658	98	96	79	80	88	82	29	37	0
*	3p	+	37	595729	485970	473070	610831	2165600	3670	8647	661	521	218	248	309	520	159	122	550	642	103	88	87	72	82	75	45	29	0
*	3p	+	38	581762	473796	456821	588858	2101237	3522	9333	648	556	208	253	311	505	135	158	565	677	103	79	90	83	93	79	43	42	0
*	3p	+	39	559210	457257	442365	563916	2022748	3468	9399	624	469	202	274	297	477	146	128	575	682	118	85	79	99	100	63	44	40	0
*	3p	+	40	543651	433954	434653	533468	1945726	3508	8999	552	467	198	255	287	463	156	133	542	603	96	87	97	87	75	72	41	41	0
*	3p	+	41	530433	411479	427938	515417	1885267	3302	8444	623	452	193	239	276	492	128	116	515	586	101	72	91	97	84	62	45	36	0
*	3p	+	42	524705	390829	413704	502736	1831974	3084	8250	557	432	202	253	241	403	145	130	475	560	104	62	73	84	86	52	34	41	0
*	3p	+	43	520770	376593	394715	490019	1782097	3015	7967	600	416	188	216	237	425	136	125	485	590	92	78	67	75	78	58	37	31	0
*	3p	+	44	505175	368244	379076	481400	1733895	2857	7869	567	408	179	208	236	349	137	111	480	522	72	77	66	80	80	57	43	28	0
*	3p	+	45	490667	354924	364125	476595	1686311	2698	7559	509	402	162	246	218	351	137	124	436	536	85	69	70	89	76	69	40	26	0
*	3p	+	46	476727	349322	351203	462451	1639703	2671	7354	492	346	148	213	232	387	94	114	436	455	74	76	66	61	65	48	29	37	0
*	3p	+	47	453192	346567	340241	452913	1592913	2427	7443	487	373	127	169	210	346	107	86	433	456	80	68	75	56	70	54	34	25	0
*	3p	+	48	436145	338793	324721	443934	1543593	2374	7497	483	364	138	201	210	366	110	115	405	466	83	53	52	68	54	60	28	22	0
*	3p	+	49	419839	329115	318115	421005	1488074	2248	7376	474	344	142	197	199	345	98	99	402	488	73	64	58	70	54	54	33	30	0
*	3p	+	50	401584	317137	311342	398689	1428752	2198	6849	457	368	147	199	194	344	106	97	413	487	59	60	65	61	75	66	24	24	0
*	3p	+	51	389503	298138	307518	380744	1375903	2176	6236	412	340	138	169	205	331	100	102	430	440	74	53	78	62	65	48	18	25	0
*	3p	+	52	384715	279964	298920	368297	1331896	2167	6021	418	287	165	199	174	327	116	103	410	453	80	72	60	46	67	44	21	27	0
*	3p	+	53	376397	271402	285597	359685	1293081	2015	5608	397	309	137	179	154	283	121	95	365	426	72	57	57	62	55	40	14	21	0
*	3p	+	54	369289	263734	274785	349661	1257469	1941	5243	393	298	98	165	172	269	86	86	390	405	63	54	58	55	49	38	18	24	0
*	3p	+	55	361549	255328	264066	343362	1224305	1920	5000	386	292	91	155	156	245	75	85	320	381	65	59	60	60	60	48	25	24	0
*	3p	+	56	344556	254444	253965	340186	1193151	1761	4850	338	258	122	169	167	261	76	76	336	372	66	54	47	47	54	40	31	19	0
*	3p	+	57	333288	250299	246908	331900	1162395	1730	5004	335	273	113	146	163	248	88	75	328	372	55	50	46	45	56	44	19	20	0
*	3p	+	58	320645	246636	239384	323871	1130536	1661	4885	324	269	123	135	185	259	90	91	350	357	79	56	39	35	47	40	28	27	0
*	3p	+	59	310656	238510	232071	313401	1094638	1605	4847	333	253	105	155	126	239	80	84	318	370	60	47	49	38	58	34	29	25	0
*	3p	+	60	302717	229366	229043	295391	1056517	1536	4706	337	266	100	143	129	234	76	84	321	326	73	48	42	48	38	39	18	30	0
*	3p	+	61	295104	218667	227023	283392	1024186	1555	4389	322	242	90	155	136	219	80	83	324	337	73	42	45	48	44	39	31	13	0
*	3p	+	62	288801	207896	221196	277832	995725	1477	4153	291	223	96	153	132	202	51	77	306	321	61	50	42	45	43	35	22	22	0
*	3p	+	63	285252	201454	211919	271702	970327	1383	3950	306	261	108	116	132	207	66	98	296	339	74	49	37	38	38	41	22	18	0
*	3p	+	64	278038	197075	205378	266134	946625	1265	4051	323	213	88	133	109	190	56	54	282	324	51	47	30	45	41	34	9	27	0
*	3p	+	65	272678	192540	197223	260620	923061	1352	3885	322	233	85	132	122	167	75	67	273	269	48	49	32	54	50	33	17	27	0
*	3p	+	66	264484	188551	190937	256518	900490	1194	3614	289	198	75	132	112	210	80	49	291	326	43	52	44	33	44	37	22	17	0
*	3p	+	67	254681	188085	184816	251197	878779	1168	3667	264	217	85	116	111	202	56	60	279	297	47	30	27	36	50	23	14	24	0
*	3p	+	68	245122	185277	179261	247351	857011	1156	3673	276	208	91	120	112	186	70	59	261	281	58	32	39	34	31	33	23	20	0
*	3p	+	69	238444	179917	174352	240685	833398	1122	3485	272	198	95	117	114	180	74	66	261	271	55	38	27	28	46	27	16	18	0
*	3p	+	70	232118	173397	171374	230016	806905	1109	3391	243	214	92	121	111	195	64	80	277	299	40	40	34	37	24	30	14	20	0
*	3p	-	1	665922	538716	652362	614499	2471499	53722	1296	1967	2077	494	925	2956	4716	1301	3110	363	1542	0	0	0	0	54	91	20	14	0
*	3p	-	2	529125	578851	633704	729804	2471484	30466	1353	1225	1259	341	545	1342	1611	725	1164	311	1049	25	36	10	21	43	60	19	16	0
*	3p	-	3	742500	467513	539097	722375	2471485	21808	1188	753	1001	293	426	749	1064	350	695	230	697	32	46	14	14	56	32	12	22	0
*	3p	-	4	705810	522487	501368	741753	2471418	19087	1200	631	984	293	393	620	674	250	296	245	614	32	28	27	21	59	51	18	29	0
*	3p	-	5	701320	528103	483846	758091	2471360	15944	1602	597	890	283	347	768	772	215	256	209	539	57	58	21	25	81	66	33	25	0
*	3p	-	6	700924	538729	491603	739947	2471203	13081	2415	604	766	246	308	954	730	199	244	187	467	78	71	42	33	97	105	44	42	0
*	3p	-	7	720417	528733	504230	717644	2471024	12031	3069	573	692	252	322	966	720	178	232	194	526	96	64	49	49	105	87	46	47	0
*	3p	-	8	697161	556184	515503	702282	2471130	10696	3243	626	745	239	268	874	720	181	198	226	548	81	71	54	48	91	75	42	40	0
*	3p	-	9	693651	572892	525921	678770	2471234	10083	3399	625	728	243	307	781	767	198	184	252	564	86	71	83	64	93	83	34	33	0
*	3p	-	10	672896	572590	551248	674589	2471323	9398	3392	586	715	268	288	756	691	209	178	275	538	91	91	68	74	76	82	37	35	0
*	3p	-	11	698898	548214	557298	666975	2471385	8790	3258	649	655	251	284	651	715	177	197	243	519	103	78	67	62	89	71	36	39	0
*	3p	-	12	701542	553541	561402	654883	2471368	8293	3288	627	626	229	268	559	684	168	159	281	499	84	66	84	64	79	71	34	35	0
*	3p	-	13	684348	561400	570661	654979	2471388	7750	3234	616	672	252	278	535	628	181	167	278	556	110	86	67	66	84	69	42	32	0
*	3p	-	14	679391	555927	560959	675099	2471376	7330	3255	627	645	226	253	542	618	203	202	275	589	109	103	70	60	96	75	34	43	0
*	3p	-	15	682461	556634	555093	677234	2471422	6742	3093	622	646	268	289	503	674	165	171	292	500	119	87	77	54	69	68	37	39	0
*	3p	-	16	673325	562907	544374	690783	2471389	6395	3145	564	641	232	258	529	636	159	160	277	545	99	72	64	61	103	64	27	45	0
*	3p	-	17	674481	571484	536515	688899	2471379	6361	3318	566	613	226	282	508	636	177	177	246	493	111	75	70	66	86	71	39	36	0
*	3p	-	18	663821	585192	539541	682846	2471400	5833	3288	577	658	193	260	450	597	179	147	244	522	103	95	77	71	73	51	52	39	0
*	3p	-	19	659811	591286	549398	670880	2471375	5836	3279	579	617	206	269	497	558	194	158	245	543	103	104	74	74	94	68	37	46	0
*	3p	-	20	658491	581698	564493	666683	2471365	5683	3179	581	655	219	274	487	634	172	157	256	563	107	85	67	58	104	58	47	55	0
*	3p	-	21	671907	564386	575232	659826	2471351	5602	3435	628	611	229	273	432	588	139	160	285	568	112	84	69	81	84	89	45	61	0
*	3p	-	22	688501	548178	576899	657806	2471384	5685	3436	646	630	250	286	412	555	172	175	297	521	111	84	70	75	96	72	36	52	0
*	3p	-	23	695265	547434	577168	651517	2471384	5433	3448	571	630	217	293	407	566	148	155	285	613	126	94	83	79	102	58	45	50	0
*	3p	-	24	675516	563443	570152	662274	2471385	5300	3676	594	586	187	255	415	528	163	180	309	519	119	89	85	85	101	65	43	55	0
*	3p	-	25	677406	557225	563948	672828	2471407	5217	3866	593	625	240	266	431	556	181	205	332	586	106	100	73	74	102	69	40	29	0
*	3p	-	26	675534	565770	560142	669966	2471412	5006	4152	578	622	193	261	425	577	160	130	352	518	111	86	71	81	81	62	41	36	0
*	3p	-	27	664751	570415	553905	682302	2471373	4955	4517	610	614	197	294	444	563	170	165	375	596	109	89	81	81	85	74	40	42	0
*	3p	-	28	676333	563345	540553	691149	2471380	4755	4942	616	561	225	275	396	578	178	171	373	537	104	100	91	87	88	68	37	40	0
*	3p	-	29	682437	566878	553970	668106	2471391	4752	5572	592	621	203	262	392	563	166	147	427	629	105	84	83	96	74	70	40	45	0
*	3p	-	30	679016	557926	577136	657343	2471421	4708	6570	673	598	226	264	406	548	185	170	495	674	98	86	86	98	76	65	36	42	0
*	3p	-	31	674121	531680	571772	655984	2433557	4758	6620	682	624	237	296	382	550	183	164	521	665	88	91	65	95	80	50	30	38	0
*	3p	-	32	682120	516201	551896	644983	2395200	4701	6748	646	598	196	261	340	534	189	176	552	672	101	88	69	71	99	56	41	33	0
*	3p	-	33	673958	508222	528479	645463	2356122	4457	7003	663	595	213	272	308	566	174	180	508	648	91	86	83	78	78	71	28	40	0
*	3p	-	34	665821	502307	512146	633501	2313775	4205	7372	636	546	207	282	353	498	180	148	491	640	93	84	81	93	97	64	26	36	0
*	3p	-	35	649589	496003	497960	625042	2268594	4107	7581	659	502	180	282	321	490	169	140	485	606	89	70	80	74	74	62	40	41	0
*	3p	-	36	619782	498540	485198	617373	2220893	3923	8237	647	542	198	275	299	503	155	147	500	604	95	88	72	72	85	56	33	41	0
*	3p	-	37	595746	487112	473895	610690	2167443	3947	8585	711	523	220	240	332	534	162	121	507	628	79	82	84	72	75	71	40	30	0
*	3p	-	38	584454	473514	457378	588096	2103442	3547	9349	676	522	226	256	321	513	165	147	574	641	84	80	90	64	76	46	38	37	0
*	3p	-	39	558554	458001	443946	563927	2024428	3455	9215	619	489	198	252	296	454	166	122	575	637	80	90	87	87	58	60	39	32	0
*	3p	-	40	545732	434304	433249	533518	1946803	3432	8803	612	459	234	274	264	488	154	137	530	617	76	92	67	82	55	49	31	48	0
*	3p	-	41	531546	413647	427181	513494	1885868	3336	8663	584	448	188	223	264	433	146	130	478	575	78	80	81	88	64	54	20	40	0
*	3p	-	42	523699	392530	413669	502835	1832733	3181	8261	599	413	181	262	234	429	138	122	543	582	90	82	79	84	60	58	20	44	0
*	3p	-	43	522346	375450	395650	489571	1783017	3047	7829	586	416	182	249	279	424	158	121	507	613	88	81	75	90	73	47	27	34	0
*	3p	-	44	505382	367962	380206	481458	1735008	2898	7822	573	404	163	206	236	432	144	111	464	518	87	72	78	74	56	52	29	26	0
*	3p	-	45	492335	355002	363686	476226	1687249	2695	7539	553	372	155	207	224	406	132	115	457	493	75	69	65	73	70	38	31	22	0
*	3p	-	46	477150	350200	351251	462283	1640884	2592	7275	514	370	147	206	224	347	126	119	426	523	65	56	56	82	65	53	29	30	0
*	3p	-	47	454456	346008	340828	452983	1594275	2463	7391	446	387	133	192	236	363	118	93	442	474	60	57	61	51	59	49	28	25	0
*	3p	-	48	436174	338577	325834	444298	1544883	2452	7402	476	363	146	196	194	339	111	114	401	473	74	67	64	65	55	45	24	15	0
*	3p	-	49	421733	328175	318548	420397	1488853	2346	7203	460	368	160	203	188	315	98	128	418	451	53	56	67	71	62	42	24	21	0
*	3p	-	50	402147	317221	311865	397889	1429122	2310	6901	474	362	147	193	190	318	100	93	470	438	63	57	54	69	57	45	25	25	0
*	3p	-	51	390505	297987	307715	379417	1375624	2195	6396	475	311	155	204	188	314	77	101	367	455	64	57	49	68	57	34	28	22	0
*	3p	-	52	384629	280221	299081	368009	1331940	2155	5980	396	323	174	170	174	328	91	95	398	459	70	59	50	58	42	38	30	22	0
*	3p	-	53	377141	271329	285553	359373	1293396	2083	5756	399	316	124	177	168	280	97	81	350	414	68	52	54	58	49	37	18	25	0
*	3p	-	54	370359	263745	274934	348908	1257946	2064	5440	358	273	119	142	134	266	84	94	361	407	60	54	54	49	43	34	25	23	0
*	3p	-	55	362549	255630	263675	342723	1224577	1952	5010	360	286	134	157	133	274	107	95	333	417	42	46	44	52	61	38	13	22	0
*	3p	-	56	344399	254303	254893	339765	1193360	1841	4989	354	286	103	170	147	286	75	70	343	346	46	50	45	60	32	35	26	23	0
*	3p	-	57	333787	250374	247347	331199	1162707	1676	4891	376	302	103	134	142	244	90	81	347	386	60	45	48	39	31	32	27	21	0
*	3p	-	58	320917	246633	240628	322496	1130674	1610	4737	372	300	135	154	145	271	85	89	352	341	48	40	50	41	39	32	14	16	0
*	3p	-	59	311292	237742	232635	312539	1094208	1534	4811	377	257	92	144	157	249	74	87	333	367	47	40	45	42	39	34	18	19	0
*	3p	-	60	302389	229537	229457	294644	1056027	1514	4660	312	236	94	161	144	217	93	74	325	345	37	40	52	47	40	32	10	21	0
*	3p	-	61	295357	219041	227258	282324	1023980	1511	4317	335	248	77	125	119	191	93	76	342	379	63	45	33	51	23	36	17	16	0
*	3p	-	62	289478	207900	220637	277572	995587	1463	4207	301	233	86	137	119	222	76	70	297	354	58	48	55	44	32	27	12	24	0
*	3p	-	63	283853	201885	212369	272060	970167	1386	4055	313	242	77	123	123	195	78	77	294	346	53	40	34	47	40	28	12	16	0
*	3p	-	64	278619	196360	206439	265413	946831	1376	3939	331	239	82	137	118	212	66	62	315	331	36	39	42	49	27	28	21	19	0
*	3p	-	65	273523	190889	197960	261007	923379	1229	3732	307	214	90	120	100	186	81	65	275	309	46	35	49	40	22	26	17	9	0
*	3p	-	66	264977	188562	191041	256352	900932	1232	3619	275	223	78	116	113	166	67	63	268	303	39	31	31	34	20	26	10	10	0
*	3p	-	67	256543	188147	183985	250662	879337	1200	3537	271	223	66	125	98	184	83	66	267	300	32	29	31	37	35	22	12	9	0
*	3p	-	68	245931	185398	179684	246590	857603	1131	3632	281	223	77	104	97	174	73	71	255	270	42	37	37	28	22	28	7	15	0
*	3p	-	69	238911	179952	173777	241346	833986	1102	3482	278	195	83	121	98	201	76	66	278	318	39	36	26	36	19	29	14	21	0
*	3p	-	70	232382	174188	171347	229531	807448	1068	3424	263	208	115	119	96	222	78	74	249	259	36	28	19	29	27	23	7	10	0
*	5p	+	1	572129	697579	514690	685379	2469777	750	60311	2262	953	1144	809	307	985	280	338	3457	3669	0	0	0	0	34	37	16	14	1
*	5p	+	2	728270	657931	575934	507579	2469714	935	33924	1537	703	699	548	398	950	339	369	1456	1091	40	18	16	6	58	27	12	24	1
*	5p	+	3	737093	542134	462781	727667	2469675	738	23269	963	597	328	388	154	585	138	220	781	671	45	32	12	15	70	56	25	24	1
*	5p	+	4	749191	496322	535067	689001	2469581	798	20197	1023	543	176	304	176	383	190	204	537	578	47	39	20	17	72	72	27	32	1
*	5p	+	5	783247	470436	531147	684538	2469368	1373	16381	893	488	147	255	161	396	113	180	825	591	120	43	39	49	132	90	40	53	0
*	5p	+	6	749984	485628	542087	691863	2469562	2641	13744	913	565	221	501	278	468	314	239	1038	743	74	74	29	48	133	79	48	44	0
*	5p	+	7	727481	501809	517889	722425	2469604	3211	12233	778	577	202	342	181	447	180	166	1029	716	88	66	38	54	92	91	41	40	0
*	5p	+	8	706276	508800	549420	705160	2469656	3704	11119	740	589	342	320	216	451	204	180	971	811	83	66	41	59	92	61	24	45	0
*	5p	+	9	679877	526900	572878	689988	2469643	3786	9956	702	527	131	249	214	428	142	127	845	774	86	84	41	70	90	66	33	34	0
*	5p	+	10	677545	550843	574182	667102	2469672	3852	9474	670	572	164	255	247	424	175	138	740	686	84	67	42	87	80	62	26	35	0
*	5p	+	11	669839	554146	551291	694371	2469647	3754	8742	660	582	154	284	236	408	165	157	619	622	75	78	41	46	92	63	32	38	0
*	5p	+	12	660198	559226	557795	692441	2469660	3680	7974	694	573	162	236	276	429	145	124	597	688	91	85	39	68	81	66	31	36	0
*	5p	+	13	660492	568169	567233	673773	2469667	3657	7655	642	563	138	226	252	445	141	115	544	606	85	61	51	54	73	59	33	35	0
*	5p	+	14	682073	557804	557444	672354	2469675	3607	7148	642	536	143	264	281	442	154	123	527	608	71	64	45	59	68	64	31	37	0
*	5p	+	15	682696	552993	556957	677033	2469679	3599	6672	658	562	184	309	303	449	195	146	503	594	94	86	47	56	72	60	21	46	0
*	5p	+	16	697683	540969	563783	667243	2469678	3605	6366	651	524	138	257	243	472	159	130	486	592	84	76	56	61	77	62	25	32	0
*	5p	+	17	691701	533838	573802	670332	2469673	3683	6136	684	511	139	257	274	442	167	119	492	616	96	80	53	63	91	60	27	25	0
*	5p	+	18	688509	534893	587423	658849	2469674	3865	5843	673	619	255	264	277	490	219	169	500	678	71	78	33	68	75	58	34	31	0
*	5p	+	19	680161	544203	592371	652919	2469654	3812	5724	641	531	182	261	312	443	185	147	478	603	77	79	48	75	80	68	37	39	0
*	5p	+	20	672567	559942	588819	648343	2469671	3732	5645	673	563	262	293	336	452	192	169	488	563	76	62	59	71	68	66	36	36	0
*	5p	+	21	666663	572598	566650	663732	2469643	3695	5239	617	593	167	243	271	466	156	108	416	599	111	79	61	65	80	74	43	37	0
*	5p	+	22	666418	571624	550748	680842	2469632	3813	5357	565	568	149	235	320	488	140	119	394	573	114	85	71	71	78	72	46	48	0
*	5p	+	23	657660	573292	549661	689038	2469651	3853	5181	635	625	179	219	324	498	134	124	404	529	90	83	71	80	75	70	42	39	0
*	5p	+	24	668951	565281	566835	668571	2469638	4050	5217	684	733	207	301	380	589	250	182	463	586	82	79	65	66	84	71	40	45	0
*	5p	+	25	680539	559475	558268	671371	2469653	4248	4867	570	535	128	199	299	480	120	93	374	519	87	85	54	77	90	60	38	36	0
*	5p	+	26	677751	553958	568931	669021	2469661	4605	4769	619	587	182	281	348	512	159	142	400	662	91	74	56	98	66	76	42	32	0
*	5p	+	27	690879	550295	573138	655298	2469610	4985	4623	598	520	161	294	369	476	113	114	362	598	93	70	71	71	93	85	37	39	0
*	5p	+	28	698637	537134	567137	666729	2469637	5439	4505	650	615	216	312	455	528	164	160	387	605	92	86	61	68	82	67	35	45	0
*	5p	+	29	674010	550192	571111	674319	2469632	5933	4442	628	582	157	290	413	524	137	148	420	612	87	84	91	74	91	65	43	36	0
*	5p	+	30	662609	576476	560661	669901	2469647	6793	4474	595	659	291	334	525	687	198	200	447	680	106	68	92	72	85	65	42	27	0
*	5p	+	31	662504	569160	532358	667764	2431786	7121	4347	519	616	166	241	466	593	131	123	322	612	91	78	82	66	67	78	36	47	0
*	5p	+	32	648216	551138	516497	677615	2393466	7188	4387	636	739	328	360	566	681	256	223	381	641	89	77	71	61	74	72	36	33	0
*	5p	+	33	653265	524563	509969	666210	2354007	7378	4116	556	614	163	268	553	605	148	173	288	609	86	79	72	65	78	74	40	40	0
*	5p	+	34	642621	507020	501364	660853	2311858	7628	3951	521	558	147	251	512	535	145	133	308	583	88	62	66	65	80	53	43	50	0
*	5p	+	35	635728	492511	494487	644312	2267038	7994	3738	507	615	160	260	472	568	139	114	266	572	84	61	65	74	78	62	36	41	0
*	5p	+	36	628435	477637	499897	613012	2218981	8498	3608	532	578	138	239	447	557	135	139	281	556	91	61	70	89	69	48	32	33	0
*	5p	+	37	619446	469482	487506	589250	2165684	9032	3427	563	547	157	225	539	586	169	139	295	530	87	63	72	81	63	47	22	43	0
*	5p	+	38	596450	453169	473012	578712	2101343	9717	3235	527	627	164	233	552	636	186	151	265	550	73	67	66	70	64	58	27	35	0
*	5p	+	39	570831	439855	458268	553907	2022861	9599	3135	509	571	151	232	586	554	163	134	306	570	85	80	67	95	61	60	37	32	0
*	5p	+	40	539242	429974	436139	540432	1945787	9487	2996	431	547	122	205	517	571	111	123	282	499	88	85	76	78	64	61	41	30	0
*	5p	+	41	519593	424919	415309	525510	1885331	9016	3100	426	577	164	224	519	577	171	178	246	497	99	67	92	83	59	66	34	27	0
*	5p	+	42	508142	412377	392784	518709	1832012	8796	2845	432	558	120	206	499	566	116	129	239	433	88	84	85	61	56	65	31	37	0
*	5p	+	43	495801	391233	376880	518219	1782133	8396	2843	422	542	120	223	458	543	125	122	209	480	85	60	79	74	73	59	33	31	0
*	5p	+	44	485451	377148	370044	501303	1733946	8128	2705	437	553	221	227	497	558	168	158	259	496	83	71	64	57	71	50	31	32	0
*	5p	+	45	483877	360625	354469	487397	1686368	7714	2472	407	513	136	222	468	501	137	144	239	455	81	54	63	60	72	59	31	25	0
*	5p	+	46	470023	346808	349909	473007	1639747	7686	2333	369	464	104	194	407	449	92	117	202	412	74	53	51	57	66	43	33	28	0
*	5p	+	47	460722	334371	347032	450880	1593005	7802	2284	394	472	132	197	403	448	113	137	211	414	80	43	60	56	47	54	28	18	0
*	5p	+	48	452303	318959	339367	433099	1543728	7749	2185	363	430	106	162	373	461	114	110	185	367	69	70	48	59	37	47	20	20	0
*	5p	+	49	427620	313834	330576	416483	1488513	7334	2184	339	460	210	177	412	475	136	165	224	406	58	45	62	70	47	52	20	18	0
*	5p	+	50	402984	309007	320982	395973	1428946	7131	2053	402	454	342	271	411	478	191	192	209	449	63	62	63	55	59	37	26	15	0
*	5p	+	51	388401	304844	297749	384947	1375941	6672	1945	324	365	134	176	408	475	117	118	171	367	76	53	58	56	42	37	20	24	0
*	5p	+	52	375994	292422	280689	382190	1331295	6130	1853	302	397	100	188	358	425	91	93	164	363	59	60	68	60	54	65	22	19	0
*	5p	+	53	364024	280757	274292	372440	1291513	5884	1845	343	407	115	190	383	384	103	111	145	364	44	56	69	49	50	39	27	29	0
*	5p	+	54	351788	274105	266760	364657	1257310	5296	1756	298	385	82	138	324	411	85	80	158	333	66	51	68	38	47	53	20	24	0
*	5p	+	55	347080	262764	258435	356036	1224315	5253	1606	293	396	106	140	333	361	119	105	181	327	51	46	48	46	50	40	16	26	0
*	5p	+	56	343367	252671	257027	340096	1193161	5128	1652	266	347	85	134	317	349	63	68	135	302	49	49	49	37	48	41	15	18	0
*	5p	+	57	335907	246011	249944	330537	1162399	5033	1504	321	365	126	174	388	359	146	100	181	348	52	47	41	41	44	34	22	25	0
*	5p	+	58	328937	237086	246257	318273	1130553	4946	1431	289	344	80	155	310	380	97	83	140	314	53	52	49	48	45	42	12	14	0
*	5p	+	59	317753	229197	238098	309611	1094659	4840	1452	310	368	205	182	334	351	146	122	200	381	64	49	41	46	37	42	16	20	0
*	5p	+	60	298854	226181	230551	300939	1056525	4716	1411	265	310	115	145	306	303	103	102	155	286	55	47	42	42	56	30	17	20	0
*	5p	+	61	286504	224999	219510	293181	1024194	4612	1358	252	310	97	135	284	342	84	75	132	278	69	43	43	45	49	35	28	9	0
*	5p	+	62	280701	220204	208223	286607	995735	4268	1332	244	329	141	171	298	367	131	110	141	266	43	42	54	45	34	36	23	21	0
*	5p	+	63	274651	211863	200484	283346	970344	4076	1306	225	300	102	139	270	296	69	82	129	246	43	33	44	45	47	25	18	11	0
*	5p	+	64	268136	204928	197153	276427	946644	4225	1217	255	309	91	165	294	325	113	103	122	273	51	33	44	42	38	23	17	18	0
*	5p	+	65	263756	196832	193804	268715	923107	3888	1150	293	254	128	112	264	298	89	88	110	252	46	29	47	31	26	25	18	15	0
*	5p	+	66	259073	189469	190885	261105	900532	3679	1197	242	307	95	125	266	291	81	96	130	238	50	47	38	40	21	36	15	11	0
*	5p	+	67	253394	185218	188989	251204	878805	3552	1034	217	278	89	123	227	249	75	90	106	227	39	51	34	32	37	22	12	14	0
*	5p	+	68	249271	178546	187002	242202	857021	3639	1042	271	312	150	142	294	285	117	87	140	247	36	38	27	41	34	39	10	17	0
*	5p	+	69	244838	173127	178969	236479	833413	3565	977	265	259	154	134	270	301	107	101	125	255	47	38	32	32	39	30	16	11	0
*	5p	+	70	232750	170314	171521	232320	806905	3387	976	212	265	79	133	232	310	85	85	114	202	41	34	46	35	40	25	12	12	0
*	5p	-	1	573127	698550	514020	685954	2471651	764	60704	2378	947	1145	839	262	1012	287	361	3429	3479	0	0	0	0	5	8	7	4	1
*	5p	-	2	727980	659282	577435	506885	2471582	909	33955	1456	736	660	523	419	964	360	320	1441	1099	2	4	3	3	9	4	13	7	1
*	5p	-	3	738562	541609	463164	728279	2471614	709	23203	978	605	323	379	140	597	135	224	752	756	3	7	9	2	4	9	12	6	1
*	5p	-	4	752308	495503	536223	687519	2471553	808	20233	1004	523	218	274	185	351	178	209	531	596	6	9	10	6	17	14	12	14	0
*	5p	-	5	784835	470872	531786	683786	2471279	1416	16313	893	528	153	235	140	396	141	173	805	577	20	24	30	11	47	51	38	50	0
*	5p	-	6	752220	485858	542090	691303	2471471	2662	13624	964	520	203	484	265	494	328	291	1129	767	25	23	15	21	60	44	45	49	0
*	5p	-	7	728950	503272	518772	720475	2471469	3330	12289	748	536	171	328	188	416	181	155	1055	663	27	22	19	35	65	59	35	30	0
*	5p	-	8	707732	510186	548940	704642	2471500	3580	10942	767	575	335	304	210	456	235	165	929	750	33	40	25	47	63	46	26	42	0
*	5p	-	9	683013	525980	574214	688294	2471501	3831	10015	701	505	135	280	201	426	152	126	858	771	36	34	28	67	53	51	28	32	0
*	5p	-	10	679661	549879	575283	666703	2471526	3846	9311	716	526	145	277	230	436	169	141	740	667	42	23	35	53	45	30	28	40	0
*	5p	-	11	672702	554890	552010	691894	2471496	3745	8761	696	589	123	264	230	429	171	130	620	675	39	37	31	57	60	47	23	35	0
*	5p	-	12	660415	559723	557960	693433	2471531	3801	8103	693	514	136	249	256	425	155	154	607	648	45	43	45	59	59	48	14	26	0
*	5p	-	13	662889	568277	567397	672980	2471543	3680	7615	622	567	141	229	246	435	132	142	506	633	47	40	28	46	47	37	23	23	0
*	5p	-	14	684299	557825	558113	671297	2471534	3742	7057	683	571	144	265	277	443	171	136	568	607	59	60	42	56	57	43	16	26	0
*	5p	-	15	684907	554253	556006	676369	2471535	3591	6910	666	597	156	268	277	452	201	152	480	622	62	60	46	68	49	44	23	27	0
*	5p	-	16	698542	541322	565821	665843	2471528	3604	6316	607	527	171	244	277	412	148	109	516	610	66	59	39	66	56	44	19	29	0
*	5p	-	17	695703	534059	574128	667624	2471514	3678	6096	635	561	151	248	269	421	161	133	492	637	73	61	33	52	68	50	19	27	0
*	5p	-	18	688502	534094	589925	659000	2471521	3767	5763	697	538	270	280	298	489	201	170	487	693	65	64	32	57	63	32	28	33	0
*	5p	-	19	679639	543352	594973	653516	2471480	3778	5719	632	521	162	256	289	464	180	141	511	697	80	66	32	60	86	54	24	34	0
*	5p	-	20	673394	560782	588966	648331	2471473	3861	5534	714	596	272	261	343	520	188	159	450	636	82	62	48	72	78	56	28	40	0
*	5p	-	21	666892	571826	569009	663773	2471500	3683	5375	603	585	144	222	285	443	158	127	438	548	77	72	58	52	60	58	26	31	0
*	5p	-	22	667131	572809	551110	680429	2471479	3754	5334	571	587	149	229	305	489	176	117	411	538	94	62	53	58	72	60	28	35	0
*	5p	-	23	657929	574361	549360	689840	2471490	4006	5224	607	594	147	227	321	485	173	138	387	529	91	70	50	78	68	54	33	32	0
*	5p	-	24	670428	564060	568263	668729	2471480	4229	5054	696	756	219	326	393	600	264	163	513	583	86	80	53	65	83	55	33	27	0
*	5p	-	25	682228	558299	559692	671248	2471467	4166	4792	570	556	116	174	318	454	109	126	382	554	108	66	69	65	82	61	31	35	0
*	5p	-	26	679543	555189	567711	669027	2471470	4547	4693	618	577	179	297	331	483	173	140	408	618	87	72	59	64	71	65	38	29	0
*	5p	-	27	690804	549786	575106	655749	2471445	4942	4635	605	546	142	249	362	497	116	112	341	608	79	78	68	72	85	59	35	32	0
*	5p	-	28	699272	537254	567835	667088	2471449	5489	4581	636	575	202	329	394	516	218	160	391	659	83	97	69	74	78	62	39	39	0
*	5p	-	29	677311	550801	571111	672205	2471428	5913	4402	573	558	190	301	453	551	171	143	384	640	92	78	75	87	83	62	37	49	0
*	5p	-	30	663529	576230	562231	669461	2471451	7004	4499	626	712	260	315	546	652	182	174	408	638	99	76	90	80	73	58	32	48	0
*	5p	-	31	663729	570340	532720	666736	2433525	6998	4442	584	624	152	215	520	580	132	137	357	569	91	70	81	57	92	58	40	31	0
*	5p	-	32	649605	552415	516924	676291	2395235	7111	4395	658	642	337	337	617	656	277	212	360	596	82	64	79	86	80	76	35	33	0
*	5p	-	33	654206	525793	509974	666176	2356149	7567	4100	593	615	193	259	487	584	159	138	334	597	93	104	70	68	64	74	31	39	0
*	5p	-	34	645195	507386	502326	658906	2313813	7692	4064	518	600	178	227	469	568	122	148	283	566	93	74	93	76	67	72	23	35	0
*	5p	-	35	635455	494525	494465	644180	2268625	7907	3862	493	554	125	252	466	515	134	139	284	610	86	111	86	83	70	65	44	35	0
*	5p	-	36	627385	480608	499378	613565	2220936	8580	3626	547	587	140	224	459	542	136	130	264	587	81	78	88	74	50	79	55	31	0
*	5p	-	37	621654	469603	487062	589162	2167481	8822	3471	508	585	162	231	496	616	165	149	314	608	79	94	72	82	73	73	41	31	0
*	5p	-	38	597777	452379	473881	579443	2103480	9814	3277	528	580	150	241	523	627	167	162	278	599	101	77	95	90	64	59	38	29	0
*	5p	-	39	569768	441941	458547	554184	2024440	9408	3113	479	610	153	234	504	588	173	151	255	552	101	84	86	83	85	72	26	32	0
*	5p	-	40	540675	430781	435894	539443	1946793	9151	3174	410	560	132	217	493	609	125	141	256	535	101	104	88	96	99	62	28	33	0
*	5p	-	41	520291	424944	414415	526219	1885869	8738	3008	470	538	153	241	479	534	152	141	252	491	109	103	78	80	63	71	39	36	0
*	5p	-	42	508641	412147	393370	518574	1832732	8585	2908	418	539	116	205	494	517	118	122	255	469	88	67	96	77	83	59	33	36	0
*	5p	-	43	495224	392864	379384	515549	1783021	8418	2810	456	557	120	189	474	499	109	132	220	449	86	84	96	59	71	68	34	41	0
*	5p	-	44	485661	378411	370223	500700	1734995	8125	2570	447	576	182	224	481	504	176	201	253	457	75	73	79	81	71	63	40	37	0
*	5p	-	45	484466	361648	354872	486267	1687253	7813	2515	410	544	131	205	433	494	110	131	239	397	95	71	66	62	68	57	35	27	0
*	5p	-	46	471844	345990	349451	473643	1640928	7682	2402	369	440	115	180	374	457	107	91	178	395	90	72	65	58	60	57	26	31	0
*	5p	-	47	462478	335389	346847	449611	1594325	7803	2199	384	479	151	190	396	491	125	123	211	416	78	61	88	62	68	49	25	29	0
*	5p	-	48	452602	319714	339237	433359	1544912	7667	2191	361	440	102	187	382	441	89	106	194	393	57	76	59	60	68	68	31	25	0
*	5p	-	49	428035	313653	331474	416081	1489243	7459	2120	358	434	211	228	456	502	142	166	234	455	87	84	65	70	72	52	27	27	0
*	5p	-	50	402549	310036	320608	396070	1429263	7146	2082	379	504	362	278	439	483	173	188	252	455	91	73	68	53	66	53	29	29	0
*	5p	-	51	389119	305382	297910	383178	1375589	6710	1920	340	379	152	180	377	431	117	129	174	373	80	56	62	62	67	58	28	28	0
*	5p	-	52	375325	293767	280451	381789	1331332	6145	1848	296	371	92	143	344	414	81	101	156	319	77	53	61	64	59	57	25	25	0
*	5p	-	53	365004	282214	273800	370759	1291777	5961	1829	345	406	127	188	355	430	101	125	166	350	73	57	49	63	54	56	27	27	0
*	5p	-	54	352062	274816	266817	364068	1257763	5564	1727	304	372	84	152	334	413	85	83	128	336	70	61	68	54	63	43	21	29	0
*	5p	-	55	346979	262864	258315	356375	1224533	5145	1656	311	384	99	173	319	387	114	103	146	313	65	66	53	59	63	50	19	21	0
*	5p	-	56	343742	253397	257464	338724	1193327	5010	1606	279	316	97	143	339	344	90	80	161	296	52	65	62	57	65	34	19	20	0
*	5p	-	57	336452	246428	250704	329073	1162657	5036	1554	314	326	116	157	360	328	144	114	179	341	79	58	66	41	60	47	23	16	0
*	5p	-	58	328610	237649	246334	318026	1130619	4995	1441	313	326	107	148	337	344	93	84	126	295	53	71	54	57	52	54	16	18	0
*	5p	-	59	317987	229953	238019	308204	1094163	5086	1416	322	404	212	189	318	402	128	133	192	362	87	68	56	52	60	38	32	20	0
*	5p	-	60	299173	226080	230057	300690	1056000	4720	1313	278	339	118	152	293	361	82	127	147	266	61	58	47	53	56	36	15	27	0
*	5p	-	61	286549	225625	219527	292254	1023955	4657	1333	264	318	90	146	277	321	76	92	111	264	43	66	59	45	49	34	15	22	0
*	5p	-	62	280714	220142	208607	286095	995558	4340	1300	295	318	159	157	305	344	106	127	148	270	70	48	54	57	43	41	19	24	0
*	5p	-	63	274137	212341	200705	282968	970151	4178	1222	219	315	87	144	284	310	82	91	110	267	58	54	43	54	42	34	16	15	0
*	5p	-	64	268673	204031	197736	276366	946806	4024	1228	300	293	109	157	264	319	92	114	122	286	58	72	42	36	48	35	20	22	0
*	5p	-	65	264113	197343	193503	268366	923325	3920	1144	233	316	137	133	237	280	89	83	108	280	59	33	45	31	45	44	18	25	0
*	5p	-	66	260230	190355	190417	259878	900880	3694	1082	241	290	95	110	255	299	78	106	103	207	54	59	35	33	51	39	17	15	0
*	5p	-	67	254178	184356	189419	251345	879298	3588	1087	220	259	89	117	239	292	76	74	113	240	60	54	33	32	46	41	18	15	0
*	5p	-	68	250217	178919	187897	240527	857560	3628	1053	236	287	135	150	233	357	97	120	128	245	54	59	35	42	57	34	11	16	0
*	5p	-	69	244979	173214	179453	236315	833961	3522	981	223	303	115	143	260	280	98	100	127	243	69	45	30	43	48	28	19	17	0
*	5p	-	70	233637	170625	171148	231991	807401	3302	935	231	245	97	127	246	313	74	89	120	203	56	39	42	39	46	37	16	17	0
