192616
193794
137728
209685
200283
166397
191723
105069
170649
230676
151189
182802
149608
41971
112345
17932
173824
125850
153761
211868
222025
44247
220333
224851
52151
146557
126388
126861
166642
62373
165394
165237
132149
58723
109220
102732
220185
84297
40086
218631
234916
201575
234461
84180
48961
153656
91891
159482
54086
68039
149088
6080
130321
19006
203550
89729
159993
241736
11959
76542
4290
196436
26475
104745
4892
51265
99769
65972
130716
45227
55195
47922
107892
86617
246560
128859
51165
89028
157578
113141
122409
34931
94253
203086
85215
181763
27273
85650
138384
236059
70517
128556
199177
226855
172899
154912
151909
155596
24114
56570
80448
90324
81361
10507
121491
178473
66837
197205
54519
26092
191100
33208
97977
195473
11011
74131
123048
152628
148290
15090
143119
179587
196005
90698
241679
5532
244730
90113
77657
196733
104921
8071
102668
119934
212820
55217
58140
132061
191861
62794
125790
153167
157345
136041
73655
63388
56667
225245
159503
47333
30023
109711
161068
66075
25001
137769
47452
158633
83231
220369
13130
192203
82233
28228
101491
173585
95976
152391
118289
96354
183024
50458
15310
159264
158262
56091
88592
96230
211363
112855
96029
238002
239755
200298
70830
59637
113670
96179
35579
16125
106761
130900
177797
109849
61432
57029
114095
53668
118776
200607
91963
172815
163206
44800
231026
70995
111693
52138
86921
83882
223712
133490
135945
217907
98557
199910
62493
227485
168243
216567
197998
97085
47174
114655
100697
23173
121387
114145
142905
98380
79466
242860
172934
44423
4973
53065
219060
50191
161734
112813
20868
47028
247153
236795
108565
17849
125410
13951
87265
57201
243052
119423
163005
100921
70679
170232
45915
196203
231996
141559
47381
185658
81652
43354
216909
181124
92590
129316
80160
155171
240018
231420
44991
219508
221579
241552
55747
196233
153951
78770
119409
140715
84193
110076
51166
168303
69820
207681
170229
48938
32613
99680
173789
162133
117667
82376
108393
236134
9328
16330
113782
86915
154910
166592
171545
92167
170048
150781
86429
76
140122
103703
66173
246326
224825
31431
144108
211054
156028
86241
74012
206676
209126
229703
110103
172537
21647
223438
196996
132745
236054
126199
28440
71896
33984
8596
187775
35674
242475
196373
7148
243986
165522
89020
42090
211785
221406
64155
170660
20090
