2373
7935
321
368
4977
8831
1590
8648
5527
2217
4005
4127
4744
1001
8381
7821
816
8764
7254
11761
6252
5871
10280
5641
2653
6219
7548
10311
649
3681
2993
10670
8308
2821
4548
7260
4193
9622
3485
7256
11143
10915
2680
7558
172
6105
10898
10515
748
4767
11648
2932
2056
8690
2524
11398
11264
10500
10610
11125
5110
8892
2188
4808
10544
11064
6619
11032
8085
2267
6712
5620
6708
6223
10410
9543
10155
6415
5535
9029
8146
2006
3364
1517
3536
7545
4828
6342
3371
575
5238
776
2868
1519
603
8662
7161
4290
10608
9787
